10264
0 0
1 88
2 4
3 17
4 35
5 4
6 4
7 4
8 38
9 15
10 7
11 24
12 346
13 0
14 0
15 2
17 0
16 2
19 1
18 1
21 2
20 0
23 1
22 2
25 5
24 0
27 8
26 0
29 5
28 2
31 5
30 2
34 7
35 0
32 3
33 4
38 21
39 22
36 7
37 27
42 10
43 52
40 13
41 11
46 10
47 15
44 20
45 16
51 0
50 14
49 0
48 2
55 1
54 0
53 0
52 0
59 0
58 1
57 0
56 0
63 1
62 0
61 0
60 1
68 0
69 1
70 0
71 6
64 3
65 2
66 4
67 1
76 1
77 1
78 3
79 1
72 0
73 0
74 0
75 0
85 3
84 0
87 3
86 2
81 3
80 0
83 2
82 3
93 2
92 0
95 4
94 26
89 2
88 4
91 0
90 2
102 1
103 8
100 5
101 2
98 6
99 1
96 2
97 2
110 1
111 3
108 0
109 5
106 0
107 4
104 5
105 1
119 17
118 3
117 1
116 2
115 1
114 6
113 0
112 0
127 1
126 43
125 0
124 3
123 2
122 3
121 3
120 2
137 0
136 6
139 4
138 5
141 3
140 3
143 4
142 27
129 1
128 0
131 2
130 2
133 2
132 0
135 0
134 3
152 3
153 8
154 2
155 9
156 3
157 32
158 8
159 0
144 6
145 34
146 0
147 0
148 146
149 1
150 10
151 38
171 9
170 0
169 7
168 32
175 34
174 0
173 11
172 3
163 2
162 1
161 16
160 28
167 4
166 7
165 28
164 22
186 29
187 43
184 9
185 39
190 0
191 38
188 13
189 6
178 5
179 76
176 1
177 1
182 5
183 50
180 3
181 35
205 12
204 9
207 1
206 9
201 3
200 0
203 44
202 50
197 3
196 0
199 0
198 7
193 5
192 41
195 1
194 7
220 119
221 59
222 1
223 161
216 12
217 35
218 118
219 0
212 3
213 23
214 9
215 3
208 47
209 11
210 3
211 43
239 0
238 90
237 2
236 1
235 0
234 0
233 152
232 2
231 1
230 1
229 246
228 174
227 154
226 40
225 35
224 12
254 11
255 763
252 0
253 3
250 38
251 54
248 30
249 1
246 7
247 4
244 2
245 6
242 506
243 4
240 3
241 4
275 0
274 30
273 35
272 2
279 23
278 1
277 0
276 6
283 291
282 0
281 18
280 15
287 240
286 23
285 281
284 24
258 23
259 0
256 11
257 12
262 0
263 279
260 0
261 282
266 0
267 6
264 0
265 120
270 2
271 22
268 16
269 1
305 2
304 159
307 0
306 0
309 50
308 33
311 2
310 16
313 139
312 963
315 29
314 8
317 1
316 41
319 12
318 63
288 38
289 4
290 2
291 1
292 0
293 23
294 2
295 31
296 0
297 0
298 0
299 2424
300 4
301 20
302 20
303 35
343 0
342 0
341 0
340 182
339 37
338 29
337 63
336 34
351 27
350 13
349 6
348 0
347 37
346 2
345 0
344 0
326 35
327 38
324 1
325 15
322 12
323 53
320 3
321 74
334 193
335 45
332 15
333 25
330 8
331 3
328 49
329 3
373 111
372 0
375 1
374 0
369 3
368 3
371 58
370 0
381 1
380 26
383 70
382 7
377 0
376 14
379 0
378 2
356 38
357 120
358 6
359 17
352 9
353 11
354 47
355 220
364 221
365 8
366 56
367 1
360 430
361 638
362 35
363 28
410 2
411 124
408 40
409 19
414 3
415 0
412 408
413 81
402 218
403 4
400 0
401 0
406 0
407 2
404 45
405 17
395 29
394 73
393 5
392 0
399 4
398 25
397 0
396 85
387 27
386 7
385 6
384 2
391 16
390 113
389 41
388 289
440 9
441 8
442 1
443 46
444 2
445 90
446 155
447 214
432 92
433 1
434 86
435 7
436 0
437 143
438 28
439 9
425 26
424 28
427 1
426 0
429 18
428 51
431 241
430 167
417 1367
416 109
419 12
418 0
421 34
420 89
423 0
422 126
478 1
479 5
476 3
477 60
474 11
475 87
472 24
473 3
470 4
471 6
468 21
469 6
466 46
467 2
464 1
465 82
463 288
462 15
461 1
460 10
459 109
458 0
457 0
456 17
455 18
454 3
453 28
452 5
451 3
450 17
449 0
448 529
508 10
509 247
510 10
511 12
504 71
505 0
506 9
507 117
500 0
501 2
502 0
503 39
496 0
497 445
498 0
499 1
493 4
492 75
495 3
494 36
489 2
488 33
491 3
490 0
485 18
484 6
487 0
486 0
481 138
480 14
483 5
482 12
550 1
551 5
548 3
549 9
546 67
547 301
544 27
545 349
558 33
559 34
556 70
557 231
554 11
555 89
552 203
553 3
567 2
566 33
565 0
564 0
563 4
562 5
561 5
560 134
575 68
574 27
573 25
572 7
571 0
570 37
569 2
568 0
516 8
517 5
518 1
519 98
512 99
513 3
514 0
515 1118
524 11
525 1
526 6
527 1
520 14
521 12
522 533
523 28
533 393
532 0
535 86
534 106
529 0
528 0
531 204
530 2
541 3
540 303
543 137
542 3
537 5
536 0
539 15
538 16
610 56
611 18
608 261
609 9
614 0
615 139
612 21
613 75
618 2
619 19
616 345
617 7
622 5
623 2
620 2
621 251
627 1
626 1
625 2
624 1
631 138
630 0
629 64
628 63
635 13
634 25
633 330
632 64
639 46
638 791
637 12
636 34
576 1337
577 44
578 76
579 197
580 48
581 37
582 1
583 143
584 0
585 7
586 209
587 34
588 2
589 11
590 4
591 5
593 21
592 10
595 1
594 50
597 135
596 16
599 78
598 32
601 2
600 97
603 2
602 30
605 82
604 11
607 35
606 93
687 7
686 12
685 20
684 15
683 23
682 0
681 5
680 0
679 72
678 4
677 4
676 61
675 479
674 8
673 23
672 0
702 38
703 126
700 21
701 2
698 34
699 193
696 385
697 95
694 20
695 724
692 7
693 140
690 297
691 44
688 0
689 5
653 13
652 0
655 13
654 178
649 6
648 328
651 0
650 0
645 354
644 12
647 5
646 24
641 1
640 31
643 11
642 20
668 541
669 1
670 3887
671 12
664 32
665 10
666 10
667 197
660 176
661 268
662 5
663 294
656 2
657 149
658 5
659 56
747 1
746 33
745 135
744 3
751 4
750 2
749 5
748 6
739 0
738 17
737 38
736 73
743 1122
742 37
741 429
740 0
762 60
763 501
760 180
761 127
766 15
767 103
764 80
765 229
754 440
755 1
752 1
753 10
758 155
759 64
756 105
757 34
713 2
712 3
715 77
714 2
717 12
716 336
719 2
718 2
705 381
704 0
707 2
706 2
709 6
708 15
711 2
710 4
728 7
729 9
730 48
731 336
732 88
733 146
734 54
735 117
720 1
721 10
722 116
723 11
724 13
725 135
726 0
727 58
821 12
820 5
823 49
822 0
817 1
816 249
819 2
818 106
829 2
828 545
831 2
830 11
825 25
824 4
827 2
826 343
804 41
805 293
806 300
807 10
800 36
801 64
802 8
803 2
812 3
813 338
814 13
815 5
808 16
809 6
810 19
811 56
791 0
790 18
789 0
788 9
787 15
786 83
785 12
784 0
799 14
798 1
797 6
796 0
795 0
794 142
793 0
792 33
774 123
775 1
772 472
773 19
770 24
771 60
768 0
769 0
782 422
783 50
780 0
781 0
778 61
779 226
776 2
777 9
881 5
880 40
883 20
882 155
885 214
884 794
887 0
886 9
889 0
888 2
891 6
890 13
893 200
892 4
895 39
894 3
864 14
865 19
866 14
867 39
868 13
869 70
870 80
871 6
872 72
873 292
874 102
875 0
876 20
877 1
878 41
879 3
851 0
850 1
849 0
848 0
855 1566
854 0
853 0
852 1
859 21
858 49
857 242
856 3
863 465
862 314
861 3
860 37
834 0
835 1
832 0
833 0
838 0
839 0
836 0
837 0
842 1
843 0
840 0
841 1
846 0
847 1
844 1
845 0
956 0
957 0
958 0
959 0
952 8
953 0
954 1
955 0
948 354
949 264
950 3
951 7
944 2
945 196
946 211
947 0
941 2
940 0
943 0
942 12
937 1
936 1
939 1
938 6
933 12
932 26
935 3
934 4
929 446
928 0
931 390
930 26
926 1
927 140
924 0
925 248
922 26
923 2
920 2
921 17
918 266
919 24
916 53
917 29
914 36
915 14
912 8
913 11
911 16
910 18
909 3
908 8
907 36
906 45
905 244
904 0
903 2
902 4
901 85
900 53
899 18
898 38
897 65
896 4
1016 252
1017 18
1018 2
1019 4
1020 18
1021 4
1022 3
1023 1
1008 51
1009 451
1010 130
1011 3
1012 47
1013 1
1014 0
1015 0
1001 14
1000 5
1003 5
1002 7
1005 37
1004 3
1007 10
1006 15
993 11
992 10
995 1
994 18
997 8
996 4
999 3
998 19
986 0
987 0
984 6
985 42
990 13
991 129
988 7
989 9
978 259
979 0
976 0
977 1
982 2
983 4
980 11
981 126
971 20
970 1
969 2
968 6
975 0
974 52
973 1002
972 0
963 0
962 0
961 0
960 13
967 60
966 27
965 3
964 13
1100 0
1101 87
1102 10
1103 108
1096 17
1097 25
1098 0
1099 315
1092 27
1093 50
1094 8
1095 14
1088 20
1089 0
1090 46
1091 168
1117 20
1116 3
1119 19
1118 7
1113 60
1112 0
1115 1
1114 79
1109 4
1108 153
1111 0
1110 0
1105 6
1104 2
1107 140
1106 5
1134 24
1135 3
1132 0
1133 157
1130 107
1131 179
1128 26
1129 4
1126 0
1127 334
1124 254
1125 95
1122 0
1123 67
1120 0
1121 5
1151 7
1150 1638
1149 14
1148 1
1147 109
1146 0
1145 107
1144 0
1143 0
1142 91
1141 130
1140 1
1139 3
1138 53
1137 12
1136 12
1032 68
1033 114
1034 52
1035 5
1036 22
1037 56
1038 339
1039 0
1024 53
1025 0
1026 16
1027 63
1028 4
1029 10
1030 184
1031 39
1049 24
1048 3
1051 26
1050 0
1053 270
1052 0
1055 40
1054 11
1041 397
1040 269
1043 118
1042 145
1045 0
1044 43
1047 73
1046 20
1066 111
1067 38
1064 36
1065 452
1070 4
1071 0
1068 14
1069 0
1058 0
1059 115
1056 0
1057 2
1062 11
1063 112
1060 0
1061 6
1083 17
1082 3
1081 842
1080 30
1087 46
1086 13
1085 61
1084 26
1075 9
1074 201
1073 267
1072 8
1079 7
1078 427
1077 1
1076 1
1221 147
1220 1
1223 1
1222 161
1217 22
1216 152
1219 3
1218 28
1229 32
1228 0
1231 13
1230 0
1225 1
1224 0
1227 310
1226 36
1236 20
1237 21
1238 1
1239 0
1232 8
1233 12
1234 38
1235 4
1244 481
1245 18
1246 5
1247 5
1240 1
1241 0
1242 75
1243 63
1255 26
1254 17
1253 3
1252 2
1251 160
1250 84
1249 2
1248 2
1263 4
1262 51
1261 61
1260 15
1259 27
1258 97
1257 351
1256 11
1270 9
1271 21
1268 0
1269 1
1266 22
1267 4
1264 0
1265 27
1278 55
1279 14
1276 81
1277 12
1274 40
1275 13
1272 15
1273 169
1153 15
1152 0
1155 20
1154 5
1157 0
1156 1055
1159 3
1158 2
1161 2
1160 10
1163 0
1162 2
1165 17
1164 21
1167 105
1166 40
1168 21
1169 2
1170 1
1171 43
1172 139
1173 22
1174 2
1175 32
1176 3
1177 1
1178 299
1179 86
1180 15
1181 52
1182 74
1183 8
1187 21
1186 5
1185 3
1184 23
1191 574
1190 98
1189 3
1188 14
1195 2
1194 2
1193 112
1192 1
1199 28
1198 0
1197 1
1196 9
1202 7
1203 4
1200 4
1201 114
1206 4
1207 299
1204 17
1205 32
1210 31
1211 331
1208 16
1209 112
1214 4
1215 10
1212 1242
1213 350
1375 0
1374 0
1373 0
1372 0
1371 0
1370 0
1369 0
1368 0
1367 0
1366 0
1365 4
1364 0
1363 12
1362 13
1361 135
1360 51
1358 71
1359 2
1356 21
1357 86
1354 4
1355 0
1352 0
1353 47
1350 35
1351 3
1348 386
1349 254
1346 13
1347 2
1344 9
1345 40
1405 0
1404 0
1407 0
1406 0
1401 0
1400 0
1403 0
1402 0
1397 0
1396 0
1399 0
1398 0
1393 0
1392 0
1395 0
1394 0
1388 0
1389 0
1390 0
1391 0
1384 0
1385 0
1386 0
1387 0
1380 0
1381 0
1382 0
1383 0
1376 0
1377 0
1378 0
1379 0
1307 6
1306 4
1305 6
1304 9
1311 0
1310 1
1309 15
1308 7
1299 1118
1298 36
1297 6
1296 1
1303 11
1302 31
1301 45
1300 8
1290 20
1291 179
1288 19
1289 68
1294 2
1295 10
1292 5
1293 43
1282 20
1283 0
1280 1
1281 1
1286 0
1287 7
1284 136
1285 2
1337 111
1336 369
1339 158
1338 64
1341 36
1340 0
1343 7
1342 5
1329 1
1328 2
1331 4
1330 288
1333 4
1332 0
1335 89
1334 6
1320 4
1321 251
1322 12
1323 24
1324 24
1325 4
1326 1
1327 2
1312 12
1313 32
1314 21
1315 5
1316 0
1317 18
1318 7
1319 3
1494 0
1495 0
1492 0
1493 0
1490 0
1491 0
1488 0
1489 0
1502 0
1503 0
1500 0
1501 0
1498 0
1499 0
1496 0
1497 0
1479 0
1478 0
1477 0
1476 0
1475 0
1474 0
1473 0
1472 0
1487 0
1486 0
1485 0
1484 0
1483 0
1482 0
1481 0
1480 0
1524 0
1525 0
1526 0
1527 0
1520 0
1521 0
1522 0
1523 0
1532 0
1533 0
1534 0
1535 0
1528 0
1529 0
1530 0
1531 0
1509 0
1508 0
1511 0
1510 0
1505 0
1504 0
1507 0
1506 0
1517 0
1516 0
1519 0
1518 0
1513 0
1512 0
1515 0
1514 0
1426 0
1427 0
1424 0
1425 0
1430 0
1431 0
1428 0
1429 0
1434 0
1435 0
1432 0
1433 0
1438 0
1439 0
1436 0
1437 0
1411 0
1410 0
1409 0
1408 0
1415 0
1414 0
1413 0
1412 0
1419 0
1418 0
1417 0
1416 0
1423 0
1422 0
1421 0
1420 0
1456 0
1457 0
1458 0
1459 0
1460 0
1461 0
1462 0
1463 0
1464 0
1465 0
1466 0
1467 0
1468 0
1469 0
1470 0
1471 0
1441 0
1440 0
1443 0
1442 0
1445 0
1444 0
1447 0
1446 0
1449 0
1448 0
1451 0
1450 0
1453 0
1452 0
1455 0
1454 0
1642 0
1643 0
1640 0
1641 0
1646 0
1647 0
1644 0
1645 0
1634 0
1635 0
1632 0
1633 0
1638 0
1639 0
1636 0
1637 0
1659 0
1658 0
1657 0
1656 0
1663 0
1662 0
1661 0
1660 0
1651 0
1650 0
1649 0
1648 0
1655 0
1654 0
1653 0
1652 0
1608 0
1609 0
1610 0
1611 0
1612 0
1613 0
1614 0
1615 0
1600 0
1601 0
1602 0
1603 0
1604 0
1605 0
1606 0
1607 0
1625 0
1624 0
1627 0
1626 0
1629 0
1628 0
1631 0
1630 0
1617 0
1616 0
1619 0
1618 0
1621 0
1620 0
1623 0
1622 0
1582 0
1583 0
1580 0
1581 0
1578 0
1579 0
1576 0
1577 0
1574 0
1575 0
1572 0
1573 0
1570 0
1571 0
1568 0
1569 0
1599 0
1598 0
1597 0
1596 0
1595 0
1594 0
1593 0
1592 0
1591 0
1590 0
1589 0
1588 0
1587 0
1586 0
1585 0
1584 0
1548 0
1549 0
1550 0
1551 0
1544 0
1545 0
1546 0
1547 0
1540 0
1541 0
1542 0
1543 0
1536 0
1537 0
1538 0
1539 0
1565 0
1564 0
1567 0
1566 0
1561 0
1560 0
1563 0
1562 0
1557 0
1556 0
1559 0
1558 0
1553 0
1552 0
1555 0
1554 0
1763 0
1762 0
1761 0
1760 0
1767 0
1766 0
1765 0
1764 0
1771 0
1770 0
1769 0
1768 0
1775 0
1774 0
1773 0
1772 0
1778 0
1779 0
1776 0
1777 0
1782 0
1783 0
1780 0
1781 0
1786 0
1787 0
1784 0
1785 0
1790 0
1791 0
1788 0
1789 0
1729 0
1728 0
1731 0
1730 0
1733 0
1732 0
1735 0
1734 0
1737 0
1736 0
1739 0
1738 0
1741 0
1740 0
1743 0
1742 0
1744 0
1745 0
1746 0
1747 0
1748 0
1749 0
1750 0
1751 0
1752 0
1753 0
1754 0
1755 0
1756 0
1757 0
1758 0
1759 0
1703 0
1702 0
1701 0
1700 0
1699 0
1698 0
1697 0
1696 0
1711 0
1710 0
1709 0
1708 0
1707 0
1706 0
1705 0
1704 0
1718 0
1719 0
1716 0
1717 0
1714 0
1715 0
1712 0
1713 0
1726 0
1727 0
1724 0
1725 0
1722 0
1723 0
1720 0
1721 0
1669 0
1668 0
1671 0
1670 0
1665 0
1664 0
1667 0
1666 0
1677 0
1676 0
1679 0
1678 0
1673 0
1672 0
1675 0
1674 0
1684 0
1685 0
1686 0
1687 0
1680 0
1681 0
1682 0
1683 0
1692 0
1693 0
1694 0
1695 0
1688 0
1689 0
1690 0
1691 0
1913 0
1912 0
1915 0
1914 0
1917 0
1916 0
1919 0
1918 0
1905 0
1904 0
1907 0
1906 0
1909 0
1908 0
1911 0
1910 0
1896 0
1897 0
1898 0
1899 0
1900 0
1901 0
1902 0
1903 0
1888 0
1889 0
1890 0
1891 0
1892 0
1893 0
1894 0
1895 0
1883 0
1882 0
1881 0
1880 0
1887 0
1886 0
1885 0
1884 0
1875 0
1874 0
1873 0
1872 0
1879 0
1878 0
1877 0
1876 0
1866 0
1867 0
1864 0
1865 0
1870 0
1871 0
1868 0
1869 0
1858 0
1859 0
1856 0
1857 0
1862 0
1863 0
1860 0
1861 0
1853 0
1852 0
1855 0
1854 0
1849 0
1848 0
1851 0
1850 0
1845 0
1844 0
1847 0
1846 0
1841 0
1840 0
1843 0
1842 0
1836 0
1837 0
1838 0
1839 0
1832 0
1833 0
1834 0
1835 0
1828 0
1829 0
1830 0
1831 0
1824 0
1825 0
1826 0
1827 0
1823 0
1822 0
1821 0
1820 0
1819 0
1818 0
1817 0
1816 0
1815 0
1814 0
1813 0
1812 0
1811 0
1810 0
1809 0
1808 0
1806 0
1807 0
1804 0
1805 0
1802 0
1803 0
1800 0
1801 0
1798 0
1799 0
1796 0
1797 0
1794 0
1795 0
1792 0
1793 0
2032 0
2033 0
2034 0
2035 0
2036 0
2037 0
2038 0
2039 0
2040 0
2041 0
2042 0
2043 0
2044 0
2045 0
2046 0
2047 0
2017 0
2016 0
2019 0
2018 0
2021 0
2020 0
2023 0
2022 0
2025 0
2024 0
2027 0
2026 0
2029 0
2028 0
2031 0
2030 0
2002 0
2003 0
2000 0
2001 0
2006 0
2007 0
2004 0
2005 0
2010 0
2011 0
2008 0
2009 0
2014 0
2015 0
2012 0
2013 0
1987 0
1986 0
1985 0
1984 0
1991 0
1990 0
1989 0
1988 0
1995 0
1994 0
1993 0
1992 0
1999 0
1998 0
1997 0
1996 0
1972 0
1973 0
1974 0
1975 0
1968 0
1969 0
1970 0
1971 0
1980 0
1981 0
1982 0
1983 0
1976 0
1977 0
1978 0
1979 0
1957 0
1956 0
1959 0
1958 0
1953 0
1952 0
1955 0
1954 0
1965 0
1964 0
1967 0
1966 0
1961 0
1960 0
1963 0
1962 0
1942 0
1943 0
1940 0
1941 0
1938 0
1939 0
1936 0
1937 0
1950 0
1951 0
1948 0
1949 0
1946 0
1947 0
1944 0
1945 0
1927 0
1926 0
1925 0
1924 0
1923 0
1922 0
1921 0
1920 0
1935 0
1934 0
1933 0
1932 0
1931 0
1930 0
1929 0
1928 0
2200 19
2201 3
2202 4
2203 7
2204 2
2205 1
2206 1
2207 2
2192 0
2193 10
2194 94
2195 1
2196 32
2197 17
2198 3
2199 78
2185 0
2184 0
2187 3
2186 2
2189 51
2188 6
2191 12
2190 3
2177 35
2176 102
2179 7
2178 20
2181 8
2180 173
2183 4
2182 2
2234 18
2235 9
2232 6
2233 0
2238 501
2239 2
2236 138
2237 14
2226 36
2227 0
2224 57
2225 123
2230 183
2231 14
2228 18
2229 16
2219 14
2218 3
2217 0
2216 0
2223 6
2222 0
2221 3
2220 2
2211 522
2210 2
2209 77
2208 7
2215 21
2214 5
2213 0
2212 1
2268 122
2269 2
2270 6
2271 132
2264 32
2265 1
2266 4
2267 128
2260 7
2261 16
2262 16
2263 28
2256 69
2257 57
2258 10
2259 6
2253 1012
2252 31
2255 102
2254 38
2249 101
2248 2
2251 1
2250 0
2245 0
2244 337
2247 4
2246 241
2241 124
2240 0
2243 230
2242 122
2302 0
2303 11
2300 134
2301 0
2298 116
2299 225
2296 52
2297 416
2294 1
2295 87
2292 67
2293 2
2290 18
2291 42
2288 8
2289 4
2287 1
2286 3
2285 32
2284 63
2283 3
2282 245
2281 1
2280 7
2279 3
2278 95
2277 5
2276 342
2275 0
2274 0
2273 51
2272 8
2065 0
2064 0
2067 0
2066 0
2069 0
2068 0
2071 0
2070 0
2073 17
2072 0
2075 0
2074 0
2077 0
2076 0
2079 0
2078 0
2048 0
2049 0
2050 0
2051 0
2052 0
2053 0
2054 0
2055 0
2056 0
2057 0
2058 0
2059 0
2060 0
2061 0
2062 0
2063 0
2099 0
2098 0
2097 0
2096 0
2103 0
2102 0
2101 0
2100 0
2107 0
2106 0
2105 0
2104 0
2111 0
2110 0
2109 0
2108 0
2082 0
2083 0
2080 0
2081 0
2086 0
2087 0
2084 0
2085 0
2090 0
2091 0
2088 0
2089 0
2094 0
2095 0
2092 0
2093 0
2133 0
2132 0
2135 0
2134 0
2129 0
2128 0
2131 0
2130 0
2141 0
2140 0
2143 0
2142 0
2137 0
2136 0
2139 0
2138 0
2116 0
2117 0
2118 0
2119 0
2112 0
2113 0
2114 0
2115 0
2124 0
2125 0
2126 0
2127 0
2120 0
2121 0
2122 0
2123 0
2167 7
2166 25
2165 8
2164 135
2163 9
2162 187
2161 116
2160 16
2175 145
2174 219
2173 321
2172 146
2171 208
2170 0
2169 7
2168 111
2150 0
2151 0
2148 0
2149 0
2146 0
2147 0
2144 0
2145 0
2158 70
2159 401
2156 2
2157 104
2154 0
2155 0
2152 0
2153 0
2443 211
2442 8
2441 3
2440 4
2447 0
2446 31
2445 452
2444 7
2435 8
2434 234
2433 3
2432 26
2439 4
2438 6
2437 57
2436 3
2458 0
2459 12
2456 14
2457 31
2462 2
2463 25
2460 18
2461 0
2450 1
2451 29
2448 4
2449 211
2454 21
2455 55
2452 83
2453 10
2473 13
2472 2
2475 2
2474 3
2477 0
2476 40
2479 3
2478 0
2465 60
2464 258
2467 264
2466 121
2469 86
2468 328
2471 51
2470 4
2488 10
2489 9
2490 0
2491 2
2492 103
2493 4
2494 179
2495 23
2480 25
2481 0
2482 56
2483 29
2484 45
2485 11
2486 6
2487 265
2511 68
2510 3
2509 4
2508 88
2507 14
2506 28
2505 3
2504 42
2503 2
2502 7
2501 71
2500 9
2499 14
2498 0
2497 3
2496 179
2526 0
2527 179
2524 11
2525 9
2522 413
2523 72
2520 0
2521 31
2518 1
2519 7
2516 12
2517 0
2514 233
2515 55
2512 53
2513 13
2541 12
2540 20
2543 294
2542 5
2537 3
2536 43
2539 0
2538 522
2533 120
2532 6
2535 5
2534 123
2529 126
2528 55
2531 0
2530 4
2556 13
2557 18
2558 1
2559 1
2552 4
2553 13
2554 6
2555 8
2548 25
2549 48
2550 10
2551 202
2544 203
2545 3
2546 49
2547 0
2306 12
2307 462
2304 22
2305 3
2310 2
2311 3
2308 72
2309 33
2314 19
2315 12
2312 16
2313 6
2318 12
2319 5
2316 102
2317 11
2323 83
2322 1
2321 16
2320 3
2327 1
2326 0
2325 1
2324 0
2331 5
2330 210
2329 191
2328 41
2335 9
2334 35
2333 174
2332 95
2336 2
2337 1
2338 9
2339 129
2340 0
2341 75
2342 2
2343 56
2344 77
2345 167
2346 3
2347 18
2348 18
2349 1
2350 37
2351 11
2353 0
2352 2
2355 1
2354 4
2357 21
2356 1
2359 17
2358 119
2361 7
2360 9
2363 11
2362 5
2365 0
2364 43
2367 13
2366 25
2374 21
2375 136
2372 258
2373 3
2370 43
2371 8
2368 0
2369 18
2382 40
2383 68
2380 76
2381 58
2378 481
2379 1
2376 11
2377 507
2391 15
2390 1
2389 26
2388 5
2387 19
2386 16
2385 43
2384 5
2399 1
2398 2
2397 5
2396 0
2395 343
2394 13
2393 13
2392 3
2404 5
2405 463
2406 2
2407 9
2400 8
2401 25
2402 3
2403 2
2412 4
2413 1
2414 15
2415 49
2408 31
2409 59
2410 121
2411 152
2421 5
2420 8
2423 214
2422 5
2417 42
2416 22
2419 4
2418 59
2429 0
2428 6
2431 27
2430 16
2425 3
2424 8
2427 3
2426 51
2750 13
2751 18
2748 23
2749 47
2746 2
2747 2
2744 18
2745 407
2742 36
2743 31
2740 142
2741 13
2738 16
2739 43
2736 39
2737 4
2735 52
2734 15
2733 3127
2732 301
2731 1
2730 1
2729 311
2728 5
2727 1
2726 3
2725 7
2724 20
2723 0
2722 80
2721 10
2720 2
2716 40
2717 22
2718 0
2719 11
2712 6
2713 2
2714 131
2715 2
2708 26
2709 830
2710 1268
2711 9
2704 1
2705 2
2706 170
2707 2
2701 4
2700 10
2703 4
2702 6
2697 3
2696 41
2699 11
2698 6
2693 15
2692 4
2695 76
2694 0
2689 74
2688 37
2691 4
2690 0
2810 4
2811 4
2808 197
2809 1
2814 0
2815 4
2812 1
2813 2
2802 6
2803 142
2800 60
2801 6
2806 3
2807 52
2804 21
2805 5
2795 55
2794 2
2793 15
2792 46
2799 42
2798 1
2797 73
2796 6
2787 0
2786 11
2785 0
2784 20
2791 1
2790 0
2789 0
2788 0
2776 21
2777 0
2778 6
2779 202
2780 16
2781 249
2782 18
2783 0
2768 1
2769 2
2770 1
2771 18
2772 15
2773 0
2774 4
2775 0
2761 3
2760 5
2763 26
2762 53
2765 7
2764 2
2767 495
2766 64
2753 0
2752 3
2755 1
2754 0
2757 0
2756 14
2759 6
2758 7
2615 0
2614 7
2613 4
2612 266
2611 38
2610 0
2609 32
2608 0
2623 7
2622 22
2621 21
2620 1
2619 5
2618 594
2617 149
2616 8
2598 153
2599 3
2596 7
2597 1
2594 29
2595 5
2592 3
2593 6
2606 4
2607 150
2604 3
2605 120
2602 18
2603 522
2600 25
2601 0
2581 88
2580 1
2583 67
2582 53
2577 61
2576 64
2579 0
2578 2
2589 1
2588 415
2591 17
2590 1
2585 27
2584 23
2587 5
2586 0
2564 0
2565 1
2566 9
2567 3
2560 0
2561 4
2562 75
2563 0
2572 80
2573 74
2574 18
2575 6
2568 37
2569 1
2570 36
2571 17
2675 10
2674 0
2673 5
2672 7
2679 27
2678 19
2677 23
2676 2
2683 1
2682 1
2681 3
2680 38
2687 0
2686 5
2685 0
2684 1
2658 6
2659 12
2656 21
2657 33
2662 11
2663 9
2660 17
2661 8
2666 1
2667 0
2664 3
2665 1
2670 42
2671 1
2668 45
2669 7
2641 0
2640 0
2643 0
2642 2
2645 25
2644 105
2647 108
2646 19
2649 16
2648 10
2651 7
2650 3
2653 27
2652 0
2655 18
2654 12
2624 0
2625 0
2626 0
2627 162
2628 0
2629 543
2630 0
2631 37
2632 476
2633 1
2634 143
2635 117
2636 4
2637 0
2638 4
2639 1
2989 15
2988 6
2991 26
2990 0
2985 112
2984 2
2987 0
2986 9
2981 346
2980 29
2983 21
2982 2
2977 2
2976 25
2979 95
2978 1032
3004 397
3005 1
3006 142
3007 0
3000 384
3001 31
3002 1202
3003 104
2996 27
2997 282
2998 109
2999 1
2992 10
2993 0
2994 8
2995 22
2959 0
2958 2
2957 157
2956 7
2955 300
2954 15
2953 1
2952 8
2951 0
2950 0
2949 18
2948 2
2947 463
2946 7
2945 5
2944 15
2974 32
2975 621
2972 4
2973 19
2970 2
2971 0
2968 1
2969 15
2966 65
2967 37
2964 8
2965 16
2962 5
2963 19
2960 7
2961 5
3049 9
3048 35
3051 97
3050 22
3053 46
3052 9
3055 7
3054 176
3041 56
3040 8
3043 20
3042 7
3045 41
3044 58
3047 8
3046 138
3064 130
3065 17
3066 2
3067 1
3068 330
3069 25
3070 732
3071 4
3056 15
3057 17
3058 664
3059 50
3060 0
3061 8
3062 567
3063 17
3019 3
3018 8
3017 60
3016 0
3023 3
3022 5
3021 0
3020 640
3011 137
3010 84
3009 1
3008 17
3015 7
3014 7
3013 1
3012 8
3034 8
3035 119
3032 1
3033 126
3038 0
3039 21
3036 126
3037 90
3026 22
3027 266
3024 16
3025 27
3030 2
3031 4
3028 114
3029 22
2852 0
2853 5
2854 0
2855 22
2848 20
2849 3
2850 1
2851 0
2860 251
2861 16
2862 7
2863 1
2856 1
2857 5
2858 2
2859 59
2869 4
2868 23
2871 69
2870 675
2865 25
2864 70
2867 16
2866 10
2877 8
2876 410
2879 86
2878 14
2873 201
2872 7
2875 179
2874 25
2822 92
2823 34
2820 6
2821 8
2818 8
2819 15
2816 34
2817 70
2830 27
2831 20
2828 141
2829 3
2826 27
2827 94
2824 0
2825 8
2839 143
2838 92
2837 46
2836 86
2835 89
2834 66
2833 293
2832 546
2847 13
2846 2
2845 14
2844 0
2843 107
2842 240
2841 1
2840 0
2912 2
2913 0
2914 4
2915 49
2916 88
2917 0
2918 42
2919 3
2920 343
2921 0
2922 53
2923 0
2924 0
2925 17
2926 63
2927 0
2929 1
2928 43
2931 130
2930 92
2933 19
2932 0
2935 17
2934 26
2937 87
2936 3
2939 128
2938 84
2941 0
2940 24
2943 47
2942 3
2882 0
2883 2
2880 16
2881 11
2886 2
2887 17
2884 5
2885 8
2890 4
2891 21
2888 53
2889 5
2894 30
2895 48
2892 143
2893 232
2899 129
2898 78
2897 0
2896 41
2903 270
2902 19
2901 34
2900 0
2907 23
2906 0
2905 65
2904 14
2911 11
2910 4
2909 9
2908 1
3284 15
3285 8
3286 37
3287 120
3280 14
3281 0
3282 7
3283 31
3292 9
3293 14
3294 0
3295 0
3288 164
3289 43
3290 1
3291 4
3269 2
3268 27
3271 516
3270 0
3265 33
3264 0
3267 11
3266 151
3277 8
3276 63
3279 15
3278 7
3273 16
3272 290
3275 5
3274 8
3318 2
3319 235
3316 39
3317 0
3314 6
3315 106
3312 3
3313 0
3326 0
3327 2
3324 3
3325 5
3322 309
3323 113
3320 79
3321 53
3303 0
3302 328
3301 16
3300 33
3299 5
3298 279
3297 0
3296 5
3311 10
3310 16
3309 18
3308 13
3307 1
3306 1
3305 15
3304 0
3216 0
3217 1
3218 2
3219 7
3220 0
3221 433
3222 8
3223 34
3224 0
3225 1
3226 28
3227 2
3228 25
3229 32
3230 61
3231 111
3201 0
3200 0
3203 1
3202 0
3205 7
3204 2
3207 1
3206 1
3209 3
3208 633
3211 5
3210 2
3213 3
3212 18
3215 1
3214 33
3250 2
3251 292
3248 103
3249 149
3254 66
3255 29
3252 14
3253 3
3258 4
3259 20
3256 26
3257 8
3262 27
3263 23
3260 15
3261 11
3235 0
3234 53
3233 4
3232 106
3239 0
3238 60
3237 136
3236 122
3243 90
3242 5048
3241 99
3240 5
3247 192
3246 7
3245 134
3244 4
3165 7
3164 107
3167 3
3166 6
3161 121
3160 8
3163 0
3162 1
3157 245
3156 0
3159 110
3158 2
3153 9
3152 298
3155 10
3154 0
3148 4
3149 55
3150 19
3151 2
3144 46
3145 0
3146 41
3147 14
3140 0
3141 9
3142 228
3143 14
3136 16
3137 28
3138 0
3139 190
3199 7
3198 22
3197 705
3196 4
3195 28
3194 7
3193 6
3192 2
3191 6
3190 1
3189 86
3188 44
3187 4
3186 51
3185 36
3184 130
3182 98
3183 2
3180 9
3181 60
3178 464
3179 191
3176 19
3177 24
3174 16
3175 48
3172 15
3173 44
3170 20
3171 1
3168 2
3169 28
3097 334
3096 24
3099 12
3098 889
3101 11
3100 1
3103 15
3102 2
3089 16
3088 3
3091 37
3090 65
3093 16
3092 20
3095 52
3094 9
3080 4
3081 8
3082 3
3083 231
3084 0
3085 6
3086 4
3087 1
3072 8
3073 15
3074 1322
3075 93
3076 0
3077 138
3078 118
3079 13
3131 42
3130 18
3129 88
3128 384
3135 37
3134 22
3133 8
3132 1
3123 35
3122 30
3121 8
3120 2
3127 3
3126 170
3125 6
3124 4
3114 4
3115 2
3112 1
3113 2
3118 866
3119 11
3116 1
3117 3
3106 14
3107 7
3104 2
3105 184
3110 6
3111 99
3108 3
3109 14
3527 1
3526 3
3525 102
3524 4
3523 8
3522 20
3521 9
3520 13
3535 0
3534 0
3533 9
3532 249
3531 154
3530 16
3529 89
3528 20
3542 0
3543 142
3540 42
3541 3
3538 199
3539 3
3536 9
3537 29
3550 6
3551 113
3548 39
3549 135
3546 169
3547 0
3544 7
3545 6
3557 0
3556 2
3559 0
3558 184
3553 52
3552 16
3555 9
3554 135
3565 4
3564 5
3567 52
3566 153
3561 212
3560 4
3563 111
3562 28
3572 9
3573 0
3574 0
3575 0
3568 15
3569 3
3570 42
3571 0
3580 24
3581 140
3582 268
3583 0
3576 0
3577 2
3578 0
3579 10
3459 1
3458 0
3457 9
3456 1
3463 2
3462 183
3461 3
3460 14
3467 0
3466 13
3465 12
3464 14
3471 10
3470 27
3469 104
3468 4
3474 10
3475 43
3472 253
3473 7
3478 23
3479 19
3476 4
3477 4
3482 6
3483 38
3480 9
3481 2
3486 33
3487 19
3484 727
3485 15
3489 46
3488 24
3491 0
3490 9
3493 84
3492 288
3495 2
3494 1
3497 4
3496 1
3499 25
3498 185
3501 15
3500 213
3503 0
3502 1
3504 1
3505 34
3506 0
3507 20
3508 0
3509 0
3510 29
3511 635
3512 0
3513 213
3514 3
3515 10
3516 32
3517 6
3518 16
3519 3
3406 0
3407 0
3404 2
3405 1
3402 0
3403 147
3400 3
3401 9
3398 1
3399 24
3396 21
3397 6
3394 8
3395 41
3392 20
3393 153
3423 6
3422 0
3421 34
3420 29
3419 1
3418 1
3417 3
3416 139
3415 0
3414 1387
3413 7
3412 106
3411 79
3410 54
3409 36
3408 4
3436 100
3437 0
3438 7
3439 107
3432 2
3433 2
3434 0
3435 11
3428 13
3429 13
3430 1
3431 2
3424 0
3425 0
3426 363
3427 211
3453 1
3452 31
3455 23
3454 159
3449 11
3448 6
3451 1
3450 49
3445 10
3444 5
3447 3
3446 0
3441 3
3440 0
3443 1
3442 1
3338 9
3339 0
3336 17
3337 19
3342 93
3343 1
3340 0
3341 23
3330 1
3331 68
3328 120
3329 410
3334 180
3335 17
3332 2
3333 26
3355 82
3354 219
3353 21
3352 141
3359 15
3358 15
3357 84
3356 6
3347 6
3346 1
3345 349
3344 39
3351 127
3350 7
3349 82
3348 17
3368 4
3369 240
3370 2
3371 54
3372 10
3373 26
3374 3
3375 111
3360 1
3361 41
3362 25
3363 2
3364 1
3365 8
3366 30
3367 235
3385 93
3384 0
3387 10
3386 36
3389 1
3388 170
3391 0
3390 7
3377 0
3376 5
3379 14
3378 0
3381 29
3380 0
3383 41
3382 150
3826 8
3827 2
3824 562
3825 0
3830 32
3831 1
3828 175
3829 18
3834 3
3835 351
3832 68
3833 5
3838 0
3839 161
3836 3
3837 73
3811 28
3810 38
3809 2
3808 146
3815 1
3814 91
3813 6
3812 34
3819 29
3818 2
3817 291
3816 22
3823 21
3822 7
3821 0
3820 2
3792 0
3793 0
3794 0
3795 0
3796 1
3797 1
3798 1
3799 0
3800 0
3801 3
3802 5
3803 12
3804 1
3805 11
3806 3
3807 3
3777 5
3776 1
3779 2
3778 19
3781 33
3780 2
3783 57
3782 53
3785 0
3784 35
3787 0
3786 0
3789 1
3788 0
3791 0
3790 0
3766 3
3767 11
3764 4
3765 4
3762 0
3763 1
3760 0
3761 5
3774 0
3775 0
3772 5
3773 2
3770 0
3771 5
3768 4
3769 6
3751 3
3750 0
3749 0
3748 1
3747 0
3746 38
3745 6
3744 0
3759 6
3758 5
3757 16
3756 9
3755 3
3754 1
3753 8
3752 7
3732 2
3733 0
3734 1
3735 2
3728 3
3729 2
3730 1
3731 1
3740 0
3741 0
3742 0
3743 6
3736 2
3737 0
3738 2
3739 1
3717 1
3716 4
3719 0
3718 0
3713 0
3712 0
3715 0
3714 2
3725 1
3724 2
3727 7
3726 8
3721 3
3720 2
3723 3
3722 0
3707 2
3706 2
3705 4
3704 0
3711 1
3710 0
3709 2
3708 5
3699 1
3698 47
3697 34
3696 30
3703 57
3702 112
3701 0
3700 6
3690 50
3691 0
3688 42
3689 13
3694 234
3695 30
3692 51
3693 22
3682 78
3683 1
3680 0
3681 108
3686 1
3687 0
3684 39
3685 190
3673 4
3672 45
3675 3575
3674 0
3677 1
3676 0
3679 52
3678 0
3665 15
3664 8
3667 90
3666 69
3669 90
3668 5
3671 27
3670 9
3656 10
3657 148
3658 22
3659 34
3660 16
3661 15
3662 4
3663 11
3648 6
3649 45
3650 3
3651 0
3652 45
3653 102
3654 23
3655 393
3647 5
3646 2
3645 4
3644 30
3643 92
3642 3
3641 8
3640 3
3639 398
3638 4
3637 5
3636 171
3635 43
3634 66
3633 8
3632 3
3630 5
3631 946
3628 50
3629 10
3626 5
3627 0
3624 0
3625 3
3622 38
3623 8
3620 23
3621 0
3618 0
3619 2
3616 2
3617 20
3613 248
3612 3
3615 29
3614 2
3609 4
3608 387
3611 5
3610 7
3605 4
3604 1
3607 0
3606 11
3601 4
3600 2
3603 7
3602 1173
3596 10
3597 6
3598 39
3599 4
3592 0
3593 1
3594 13
3595 257
3588 0
3589 1252
3590 24
3591 358
3584 6
3585 5
3586 0
3587 1
4065 3
4064 0
4067 25
4066 21
4069 3
4068 9
4071 65
4070 4
4073 8
4072 7
4075 1
4074 0
4077 27
4076 3
4079 127
4078 5
4080 3
4081 193
4082 0
4083 8
4084 97
4085 1
4086 2
4087 12
4088 3
4089 740
4090 10
4091 0
4092 0
4093 28
4094 15
4095 1
4035 8
4034 9
4033 0
4032 2
4039 122
4038 14
4037 2
4036 210
4043 3
4042 2
4041 14
4040 21
4047 5
4046 29
4045 5
4044 155
4050 3
4051 0
4048 0
4049 19
4054 0
4055 0
4052 9
4053 0
4058 0
4059 1
4056 0
4057 0
4062 51
4063 80
4060 9
4061 8
4005 165
4004 16
4007 0
4006 12
4001 0
4000 8
4003 28
4002 39
4013 41
4012 4
4015 18
4014 102
4009 3
4008 3
4011 2
4010 7
4020 1
4021 86
4022 6
4023 1
4016 7
4017 128
4018 18
4019 4
4028 1
4029 1
4030 321
4031 17
4024 166
4025 6
4026 21
4027 0
3975 5
3974 2
3973 3
3972 0
3971 0
3970 0
3969 0
3968 0
3983 5
3982 0
3981 653
3980 0
3979 38
3978 31
3977 0
3976 0
3990 0
3991 131
3988 2
3989 10
3986 1
3987 21
3984 56
3985 83
3998 42
3999 15
3996 31
3997 2
3994 82
3995 33
3992 11
3993 135
3944 19
3945 0
3946 1
3947 2
3948 91
3949 44
3950 179
3951 121
3936 158
3937 2
3938 1
3939 15
3940 1
3941 4
3942 45
3943 20
3961 0
3960 12
3963 0
3962 0
3965 0
3964 0
3967 10
3966 0
3953 228
3952 6
3955 3
3954 3
3957 2
3956 29
3959 6
3958 5
3914 9
3915 85
3912 2
3913 1
3918 0
3919 1
3916 4359
3917 11
3906 13
3907 1
3904 50
3905 1
3910 12
3911 0
3908 1
3909 7
3931 129
3930 2
3929 280
3928 37
3935 2
3934 99
3933 16
3932 55
3923 1
3922 6
3921 56
3920 4
3927 40
3926 3
3925 8
3924 1
3884 0
3885 548
3886 0
3887 2
3880 38
3881 263
3882 194
3883 9
3876 0
3877 129
3878 68
3879 18
3872 6
3873 11
3874 385
3875 2
3901 35
3900 5
3903 63
3902 8
3897 2
3896 5
3899 427
3898 2
3893 0
3892 5
3895 2
3894 2
3889 1
3888 117
3891 40
3890 2
3854 44
3855 4
3852 22
3853 87
3850 3
3851 1
3848 1
3849 4
3846 9
3847 30
3844 19
3845 23
3842 13
3843 112
3840 0
3841 231
3871 3
3870 307
3869 91
3868 0
3867 0
3866 130
3865 0
3864 187
3863 314
3862 8
3861 6
3860 5
3859 270
3858 2
3857 18
3856 0
4400 7
4401 10
4402 717
4403 0
4404 423
4405 0
4406 1
4407 3
4408 138
4409 1
4410 11
4411 36
4412 0
4413 10
4414 882
4415 131
4385 2
4384 0
4387 33
4386 29
4389 2
4388 59
4391 744
4390 87
4393 94
4392 668
4395 299
4394 30
4397 12
4396 29
4399 37
4398 25
4370 7
4371 8
4368 8
4369 331
4374 35
4375 6
4372 535
4373 172
4378 31
4379 5
4376 727
4377 18
4382 4
4383 8
4380 1
4381 101
4355 0
4354 0
4353 6
4352 725
4359 0
4358 27
4357 4
4356 89
4363 98
4362 0
4361 0
4360 1
4367 39
4366 68
4365 0
4364 7
4468 58
4469 405
4470 0
4471 0
4464 0
4465 0
4466 103
4467 0
4476 1
4477 19
4478 207
4479 30
4472 71
4473 15
4474 236
4475 6
4453 88
4452 0
4455 13
4454 6
4449 22
4448 1
4451 0
4450 42
4461 72
4460 0
4463 10
4462 19
4457 0
4456 16
4459 0
4458 0
4438 13
4439 0
4436 66
4437 0
4434 27
4435 14
4432 0
4433 20
4446 2
4447 1
4444 504
4445 6
4442 2
4443 0
4440 2
4441 1
4423 37
4422 3
4421 0
4420 380
4419 0
4418 2
4417 14
4416 83
4431 12
4430 1
4429 143
4428 6
4427 377
4426 0
4425 4
4424 0
4537 252
4536 94
4539 5
4538 620
4541 43
4540 1
4543 1
4542 0
4529 104
4528 5
4531 183
4530 102
4533 9
4532 23
4535 2
4534 7
4520 216
4521 676
4522 1
4523 2
4524 13
4525 66
4526 13
4527 9
4512 86
4513 2
4514 12
4515 0
4516 18
4517 38
4518 36
4519 49
4507 7
4506 0
4505 0
4504 13
4511 0
4510 3
4509 0
4508 2
4499 398
4498 1
4497 155
4496 5
4503 16
4502 2
4501 44
4500 4
4490 482
4491 5
4488 146
4489 3
4494 0
4495 4
4492 0
4493 0
4482 0
4483 5
4480 1713
4481 3
4486 2
4487 11
4484 5
4485 0
4605 0
4604 36
4607 25
4606 3
4601 4
4600 5
4603 274
4602 12
4597 0
4596 13
4599 18
4598 1
4593 65
4592 1
4595 320
4594 9
4588 52
4589 1
4590 184
4591 561
4584 10
4585 0
4586 3
4587 20
4580 28
4581 1
4582 2
4583 0
4576 1
4577 0
4578 376
4579 6
4575 0
4574 4
4573 18
4572 8
4571 1
4570 119
4569 2
4568 2
4567 9
4566 0
4565 33
4564 14
4563 31
4562 1
4561 0
4560 16
4558 2
4559 118
4556 12
4557 0
4554 12
4555 5
4552 383
4553 2
4550 14
4551 501
4548 34
4549 1
4546 8
4547 4
4544 0
4545 43
4131 207
4130 12
4129 26
4128 205
4135 14
4134 283
4133 1
4132 30
4139 47
4138 0
4137 32
4136 16
4143 1
4142 171
4141 5
4140 10
4146 3
4147 3
4144 500
4145 2
4150 0
4151 232
4148 26
4149 1
4154 11
4155 45
4152 33
4153 36
4158 107
4159 0
4156 29
4157 47
4097 45
4096 67
4099 0
4098 23
4101 54
4100 0
4103 4
4102 71
4105 34
4104 32
4107 7
4106 20
4109 2
4108 1
4111 4
4110 1
4112 34
4113 14
4114 0
4115 15
4116 2
4117 1
4118 8
4119 6
4120 17
4121 11
4122 0
4123 5
4124 6
4125 0
4126 0
4127 96
4199 4
4198 0
4197 0
4196 0
4195 19
4194 0
4193 4
4192 0
4207 4
4206 4
4205 26
4204 0
4203 1
4202 0
4201 0
4200 0
4214 10
4215 23
4212 5
4213 5
4210 14
4211 1
4208 35
4209 0
4222 8
4223 10
4220 14
4221 17
4218 4
4219 184
4216 1
4217 1
4165 454
4164 56
4167 3
4166 11
4161 1
4160 56
4163 3
4162 320
4173 271
4172 153
4175 0
4174 51
4169 0
4168 3
4171 145
4170 20
4180 0
4181 0
4182 0
4183 0
4176 10
4177 8
4178 0
4179 4
4188 0
4189 0
4190 0
4191 374
4184 3
4185 4
4186 20
4187 42
4266 18
4267 116
4264 0
4265 179
4270 16
4271 3
4268 233
4269 4
4258 0
4259 16
4256 1
4257 115
4262 73
4263 7
4260 2
4261 212
4283 129
4282 0
4281 47
4280 0
4287 52
4286 1
4285 0
4284 9
4275 24
4274 1
4273 3
4272 3
4279 50
4278 2004
4277 8
4276 0
4232 4
4233 2
4234 14
4235 174
4236 245
4237 2
4238 35
4239 0
4224 2
4225 14
4226 28
4227 8
4228 0
4229 22
4230 11
4231 3
4249 2
4248 2
4251 7
4250 344
4253 22
4252 3
4255 1
4254 1
4241 41
4240 2
4243 18
4242 527
4245 47
4244 0
4247 41
4246 15
4334 0
4335 11
4332 11
4333 119
4330 4
4331 17
4328 26
4329 3
4326 14
4327 23
4324 216
4325 15
4322 7
4323 9
4320 44
4321 4
4351 8
4350 17
4349 52
4348 98
4347 880
4346 7
4345 45
4344 287
4343 6
4342 1
4341 0
4340 249
4339 117
4338 37
4337 9
4336 13
4300 51
4301 0
4302 185
4303 43
4296 794
4297 122
4298 6
4299 1
4292 1
4293 1
4294 4
4295 42
4288 137
4289 9
4290 123
4291 2
4317 4
4316 1
4319 6
4318 41
4313 82
4312 237
4315 2
4314 1
4309 3
4308 173
4311 6
4310 3
4305 138
4304 22
4307 63
4306 403
4886 0
4887 0
4884 0
4885 16
4882 2
4883 0
4880 3
4881 5
4894 1
4895 193
4892 21
4893 5
4890 2
4891 16
4888 7
4889 25
4871 219
4870 6
4869 43
4868 6
4867 22
4866 1
4865 0
4864 26
4879 5
4878 40
4877 0
4876 12
4875 0
4874 8
4873 29
4872 0
4916 1
4917 0
4918 32
4919 82
4912 0
4913 28
4914 452
4915 39
4924 100
4925 4
4926 66
4927 58
4920 0
4921 0
4922 3
4923 7
4901 0
4900 1
4903 4
4902 49
4897 4
4896 232
4899 33
4898 1
4909 117
4908 17
4911 684
4910 42
4905 29
4904 4
4907 6
4906 2
4946 33
4947 2
4944 30
4945 1
4950 198
4951 7
4948 19
4949 0
4954 1
4955 3
4952 244
4953 7
4958 21
4959 11
4956 171
4957 16
4931 4
4930 47
4929 5
4928 0
4935 32
4934 2
4933 115
4932 41
4939 0
4938 130
4937 4
4936 541
4943 4
4942 1
4941 2
4940 23
4976 2
4977 5
4978 0
4979 0
4980 181
4981 85
4982 829
4983 14
4984 9
4985 4
4986 41
4987 6
4988 16
4989 60
4990 144
4991 17
4961 35
4960 6
4963 0
4962 2
4965 3
4964 210
4967 142
4966 21
4969 4
4968 1
4971 14
4970 56
4973 3
4972 8
4975 4
4974 8
5023 4
5022 0
5021 0
5020 0
5019 3
5018 0
5017 3
5016 0
5015 1
5014 0
5013 0
5012 2
5011 7
5010 26
5009 27
5008 0
5006 23
5007 88
5004 2
5005 5
5002 7
5003 108
5000 1
5001 2
4998 217
4999 620
4996 2
4997 8
4994 69
4995 3
4992 23
4993 64
5053 3
5052 0
5055 13
5054 0
5049 66
5048 3
5051 0
5050 7
5045 11
5044 87
5047 21
5046 9
5041 40
5040 1
5043 4
5042 245
5036 99
5037 1
5038 0
5039 212
5032 37
5033 0
5034 2
5035 1
5028 0
5029 0
5030 0
5031 3
5024 0
5025 7
5026 0
5027 0
5083 0
5082 13
5081 21
5080 13
5087 30
5086 9
5085 1
5084 1
5075 4
5074 2
5073 2
5072 2
5079 2
5078 3
5077 50
5076 0
5066 13
5067 0
5064 98
5065 10
5070 10
5071 2
5068 76
5069 43
5058 0
5059 1
5056 4
5057 0
5062 81
5063 75
5060 12
5061 17
5113 13
5112 0
5115 10
5114 0
5117 12
5116 0
5119 10
5118 0
5105 9
5104 0
5107 7
5106 0
5109 19
5108 0
5111 10
5110 0
5096 0
5097 9
5098 0
5099 1
5100 0
5101 7
5102 0
5103 2
5088 2
5089 80
5090 8
5091 5
5092 85
5093 0
5094 0
5095 7
4613 23
4612 12
4615 178
4614 2
4609 33
4608 10
4611 3
4610 24
4621 1
4620 4
4623 0
4622 19
4617 18
4616 0
4619 151
4618 1
4628 1
4629 0
4630 2
4631 2
4624 12
4625 2
4626 4
4627 10
4636 7
4637 275
4638 0
4639 73
4632 0
4633 1
4634 2
4635 133
4647 122
4646 55
4645 0
4644 1
4643 3
4642 6
4641 21
4640 5
4655 2
4654 1
4653 132
4652 3
4651 23
4650 0
4649 1
4648 29
4662 6
4663 8
4660 12
4661 18
4658 3
4659 1
4656 20
4657 9
4670 64
4671 6
4668 14
4669 19
4666 971
4667 31
4664 0
4665 8
4673 3
4672 259
4675 120
4674 88
4677 0
4676 39
4679 25
4678 72
4681 1
4680 1
4683 77
4682 0
4685 669
4684 0
4687 4
4686 1
4688 366
4689 449
4690 135
4691 3
4692 0
4693 19
4694 0
4695 8
4696 670
4697 19
4698 2
4699 0
4700 9
4701 41
4702 0
4703 0
4707 199
4706 345
4705 31
4704 2
4711 11
4710 4
4709 24
4708 1
4715 2
4714 41
4713 72
4712 108
4719 0
4718 412
4717 2
4716 107
4722 264
4723 19
4720 16
4721 137
4726 9
4727 53
4724 940
4725 124
4730 171
4731 153
4728 17
4729 3
4734 331
4735 11
4732 0
4733 8
4748 146
4749 86
4750 84
4751 49
4744 0
4745 9
4746 91
4747 18
4740 1016
4741 74
4742 348
4743 5
4736 66
4737 2
4738 2
4739 23
4765 658
4764 27
4767 18
4766 6
4761 10
4760 0
4763 36
4762 209
4757 0
4756 8
4759 12
4758 4
4753 28
4752 2
4755 26
4754 2
4782 15
4783 1
4780 111
4781 31
4778 112
4779 2
4776 199
4777 3
4774 220
4775 0
4772 3
4773 1
4770 12
4771 3
4768 37
4769 7
4799 20
4798 0
4797 1
4796 3
4795 0
4794 14
4793 75
4792 0
4791 2
4790 498
4789 150
4788 0
4787 0
4786 26
4785 3
4784 334
4808 2
4809 4
4810 142
4811 2
4812 660
4813 50
4814 20
4815 0
4800 2
4801 3
4802 0
4803 15
4804 1
4805 3
4806 7
4807 2
4825 73
4824 7
4827 14
4826 22
4829 14
4828 6
4831 5
4830 34
4817 106
4816 36
4819 5
4818 7
4821 26
4820 17
4823 1
4822 65
4842 14
4843 19
4840 11
4841 22
4846 7
4847 13
4844 3
4845 33
4834 28
4835 14
4832 29
4833 6
4838 49
4839 4
4836 10
4837 3
4859 32
4858 98
4857 67
4856 12
4863 0
4862 33
4861 5
4860 8
4851 1
4850 3
4849 150
4848 7
4855 15
4854 0
4853 1
4852 3
5500 15
5501 1847
5502 3
5503 2
5496 6
5497 1
5498 2
5499 91
5492 4
5493 134
5494 0
5495 0
5488 391
5489 14
5490 0
5491 4
5485 17
5484 1
5487 9
5486 71
5481 3
5480 36
5483 95
5482 13
5477 208
5476 2
5479 2
5478 535
5473 114
5472 33
5475 9
5474 28
5470 4
5471 18
5468 18
5469 6
5466 15
5467 6
5464 4
5465 0
5462 6
5463 1
5460 29
5461 55
5458 8
5459 4
5456 11
5457 10
5455 23
5454 8
5453 0
5452 5
5451 0
5450 0
5449 0
5448 0
5447 1
5446 0
5445 7
5444 47
5443 1
5442 7
5441 17
5440 2
5432 0
5433 32
5434 30
5435 3
5436 4
5437 43
5438 30
5439 434
5424 45
5425 8
5426 2
5427 8
5428 18
5429 11
5430 784
5431 38
5417 53
5416 166
5419 71
5418 6
5421 121
5420 983
5423 1
5422 5
5409 0
5408 143
5411 2
5410 0
5413 12
5412 31
5415 0
5414 17
5402 20
5403 0
5400 0
5401 0
5406 14
5407 7
5404 0
5405 21
5394 11
5395 0
5392 0
5393 0
5398 50
5399 0
5396 0
5397 0
5387 14
5386 10
5385 3
5384 4
5391 0
5390 1
5389 371
5388 3
5379 2
5378 0
5377 2
5376 0
5383 0
5382 47
5381 2
5380 314
5621 0
5620 237
5623 0
5622 611
5617 16
5616 3
5619 5
5618 191
5629 34
5628 23
5631 12
5630 2
5625 31
5624 0
5627 14
5626 8
5604 0
5605 2
5606 144
5607 0
5600 1
5601 178
5602 48
5603 553
5612 72
5613 65
5614 7
5615 2
5608 25
5609 2
5610 56
5611 14
5591 465
5590 757
5589 0
5588 17
5587 119
5586 4
5585 2
5584 5
5599 0
5598 0
5597 2
5596 17
5595 53
5594 0
5593 118
5592 2
5574 154
5575 1
5572 289
5573 3
5570 1
5571 8
5568 11
5569 16
5582 358
5583 27
5580 12
5581 2
5578 7
5579 1470
5576 8
5577 7
5553 10
5552 318
5555 32
5554 4
5557 24
5556 25
5559 3
5558 4
5561 0
5560 0
5563 4
5562 224
5565 0
5564 125
5567 19
5566 4
5536 3
5537 434
5538 33
5539 0
5540 71
5541 36
5542 360
5543 1
5544 0
5545 9
5546 5
5547 879
5548 4
5549 0
5550 145
5551 10
5523 13
5522 3
5521 62
5520 0
5527 0
5526 0
5525 1
5524 1
5531 336
5530 0
5529 2
5528 93
5535 5
5534 12
5533 710
5532 5
5506 55
5507 1
5504 88
5505 60
5510 503
5511 117
5508 4
5509 143
5514 0
5515 91
5512 45
5513 2
5518 1
5519 420930
5516 1
5517 5
5231 0
5230 2
5229 0
5228 0
5227 0
5226 19
5225 0
5224 10
5223 53
5222 5
5221 3
5220 10
5219 0
5218 2
5217 35
5216 0
5246 1
5247 1
5244 2
5245 1
5242 2
5243 1
5240 5
5241 1
5238 0
5239 0
5236 1
5237 0
5234 6
5235 0
5232 27
5233 0
5197 13
5196 0
5199 18
5198 0
5193 13
5192 0
5195 15
5194 0
5189 12
5188 0
5191 14
5190 0
5185 14
5184 0
5187 11
5186 0
5212 0
5213 0
5214 0
5215 4
5208 0
5209 0
5210 0
5211 1
5204 0
5205 86
5206 0
5207 1
5200 0
5201 20
5202 0
5203 41
5163 15
5162 0
5161 17
5160 0
5167 11
5166 0
5165 13
5164 0
5155 12
5154 0
5153 11
5152 0
5159 16
5158 0
5157 18
5156 0
5178 0
5179 16
5176 0
5177 14
5182 0
5183 10
5180 0
5181 16
5170 0
5171 13
5168 0
5169 20
5174 0
5175 18
5172 0
5173 9
5129 10
5128 0
5131 13
5130 0
5133 9
5132 0
5135 8
5134 0
5121 10
5120 0
5123 10
5122 0
5125 20
5124 0
5127 7
5126 0
5144 0
5145 22
5146 0
5147 13
5148 0
5149 17
5150 0
5151 16
5136 0
5137 19
5138 0
5139 18
5140 0
5141 9
5142 0
5143 16
5350 117
5351 4
5348 1
5349 8
5346 22
5347 0
5344 52
5345 0
5358 0
5359 0
5356 0
5357 25
5354 56
5355 20
5352 0
5353 73
5367 27
5366 27
5365 20
5364 46
5363 12
5362 7
5361 1
5360 0
5375 37
5374 278
5373 151
5372 47
5371 1
5370 113
5369 7
5368 13
5316 1
5317 0
5318 0
5319 0
5312 4
5313 0
5314 2
5315 0
5324 1
5325 0
5326 4
5327 0
5320 5
5321 0
5322 3
5323 0
5333 0
5332 6
5335 0
5334 2
5329 0
5328 0
5331 0
5330 11
5341 22
5340 2
5343 1514
5342 67
5337 1
5336 4
5339 13
5338 9
5282 0
5283 1
5280 106
5281 2
5286 6
5287 44
5284 0
5285 208
5290 0
5291 0
5288 0
5289 0
5294 0
5295 2
5292 0
5293 0
5299 6
5298 0
5297 47
5296 0
5303 0
5302 6
5301 0
5300 6
5307 0
5306 13
5305 0
5304 4
5311 0
5310 4
5309 0
5308 2
5248 1
5249 2
5250 1
5251 2
5252 1
5253 2
5254 3
5255 3
5256 1
5257 1
5258 4
5259 3
5260 2
5261 5
5262 5
5263 5
5265 4
5264 3
5267 4
5266 1
5269 0
5268 21
5271 69
5270 21
5273 8
5272 37
5275 0
5274 0
5277 89
5276 6
5279 0
5278 0
5978 56
5979 1
5976 132
5977 9
5982 0
5983 0
5980 0
5981 2
5970 4
5971 0
5968 0
5969 188
5974 3
5975 147
5972 1
5973 2
5963 138
5962 28
5961 1
5960 1
5967 50
5966 3
5965 11
5964 100
5955 42
5954 40
5953 13
5952 6
5959 1
5958 102
5957 6
5956 6
6008 42
6009 130
6010 37
6011 168
6012 51
6013 425
6014 512
6015 2
6000 34
6001 3
6002 291
6003 0
6004 9
6005 117
6006 322
6007 3
5993 8
5992 324
5995 0
5994 0
5997 2
5996 0
5999 144
5998 8
5985 0
5984 330
5987 3
5986 0
5989 157
5988 26
5991 56
5990 2
5918 117
5919 75
5916 26
5917 4
5914 0
5915 148
5912 10
5913 5
5910 271
5911 14
5908 5
5909 6
5906 745
5907 3
5904 71
5905 82
5903 2
5902 7
5901 11
5900 4
5899 12
5898 2
5897 20
5896 300
5895 0
5894 11
5893 7
5892 4
5891 0
5890 23
5889 1
5888 2
5948 4
5949 0
5950 1
5951 3
5944 1
5945 0
5946 7
5947 0
5940 0
5941 13
5942 21
5943 3
5936 56
5937 13
5938 4
5939 0
5933 0
5932 56
5935 7
5934 0
5929 26
5928 7
5931 0
5930 0
5925 1
5924 4
5927 0
5926 2
5921 1
5920 12
5923 0
5922 4
6099 283
6098 25
6097 5
6096 0
6103 1
6102 282
6101 90
6100 1
6107 0
6106 0
6105 2
6104 13
6111 2
6110 7
6109 30
6108 0
6082 1
6083 2
6080 99
6081 164
6086 165
6087 1
6084 726
6085 31
6090 6
6091 27
6088 0
6089 0
6094 5
6095 4
6092 6
6093 38
6129 2
6128 0
6131 0
6130 3
6133 0
6132 0
6135 0
6134 0
6137 7
6136 0
6139 9
6138 64
6141 623
6140 11
6143 0
6142 4
6112 3
6113 14
6114 19
6115 93
6116 559
6117 8
6118 879
6119 96
6120 7
6121 0
6122 1
6123 0
6124 78
6125 43
6126 636
6127 11
6039 7
6038 3
6037 0
6036 3
6035 1
6034 2
6033 0
6032 2
6047 230
6046 92
6045 57
6044 11
6043 82
6042 27
6041 162
6040 361
6022 3
6023 0
6020 4
6021 1
6018 5
6019 116
6016 58
6017 0
6030 32
6031 2
6028 2
6029 1
6026 6
6027 50
6024 2
6025 199
6069 23
6068 1
6071 0
6070 1
6065 51
6064 16
6067 156
6066 169
6077 146
6076 7
6079 39
6078 20
6073 23
6072 81
6075 216
6074 40
6052 101
6053 199
6054 121
6055 26
6048 1
6049 40
6050 7
6051 8
6060 0
6061 7
6062 3
6063 7
6056 5
6057 47
6058 193
6059 0
5705 24
5704 46
5707 1
5706 14
5709 10
5708 2
5711 51
5710 25
5697 5
5696 0
5699 5
5698 165
5701 16
5700 68
5703 6
5702 20
5720 9
5721 0
5722 4
5723 56
5724 0
5725 19
5726 267
5727 4
5712 173
5713 79
5714 190
5715 4
5716 6
5717 15
5718 17
5719 7
5739 42
5738 0
5737 14
5736 1
5743 4
5742 3
5741 7
5740 0
5731 26
5730 112
5729 19
5728 38
5735 11
5734 1336
5733 3
5732 3
5754 165
5755 266
5752 16
5753 688
5758 5
5759 398
5756 14
5757 7
5746 17
5747 42
5744 0
5745 46
5750 91
5751 16
5748 25
5749 470
5645 2
5644 10
5647 40
5646 7
5641 0
5640 0
5643 0
5642 254
5637 320
5636 87
5639 34
5638 17
5633 22
5632 85
5635 3
5634 31
5660 1
5661 8
5662 0
5663 129
5656 5
5657 35
5658 171
5659 247
5652 41
5653 67
5654 12
5655 181
5648 1
5649 37
5650 10
5651 548
5679 102
5678 7
5677 38
5676 3
5675 13
5674 21
5673 12
5672 3
5671 203
5670 116
5669 3
5668 20
5667 8
5666 5
5665 0
5664 33
5694 60
5695 18
5692 23
5693 38
5690 0
5691 261
5688 0
5689 12
5686 9
5687 46
5684 234
5685 5
5682 225
5683 13
5680 18
5681 4
5824 18
5825 204
5826 28
5827 6
5828 22
5829 268
5830 4
5831 8
5832 2
5833 58
5834 11
5835 3
5836 10
5837 189
5838 0
5839 125
5841 135
5840 314
5843 57
5842 595
5845 76
5844 22
5847 1
5846 2
5849 73
5848 0
5851 314
5850 1
5853 69
5852 8
5855 10
5854 11
5858 11
5859 15
5856 1
5857 45
5862 0
5863 0
5860 98
5861 1
5866 0
5867 82
5864 0
5865 2
5870 0
5871 143
5868 0
5869 22
5875 150
5874 5
5873 57
5872 0
5879 0
5878 2
5877 1
5876 0
5883 2
5882 0
5881 1
5880 12
5887 7
5886 32
5885 6
5884 12
5764 7
5765 17
5766 0
5767 14
5760 1
5761 52
5762 3
5763 10
5772 1
5773 10
5774 26
5775 75
5768 12
5769 223
5770 27
5771 13
5781 2
5780 5
5783 3
5782 17
5777 5
5776 61
5779 54
5778 29
5789 1
5788 36
5791 81
5790 0
5785 83
5784 3
5787 34
5786 19
5798 14
5799 134
5796 0
5797 36
5794 12
5795 15
5792 131
5793 0
5806 86
5807 28
5804 12
5805 156
5802 21
5803 5
5800 0
5801 41
5815 0
5814 13
5813 56
5812 0
5811 2
5810 36
5809 1
5808 4
5823 33
5822 15
5821 39
5820 11
5819 62
5818 65
5817 4
5816 1
6568 3
6569 2
6570 2
6571 2
6572 6
6573 3
6574 7
6575 7
6560 832
6561 403
6562 37
6563 34
6564 2
6565 90
6566 11
6567 125
6585 18
6584 3
6587 19
6586 35
6589 48
6588 0
6591 197
6590 342
6577 2
6576 7
6579 76
6578 5
6581 360
6580 122
6583 411
6582 164
6538 120
6539 2
6536 14
6537 0
6542 11
6543 2
6540 0
6541 0
6530 399
6531 120
6528 2
6529 21
6534 1
6535 20
6532 1
6533 16
6555 16
6554 0
6553 11
6552 430
6559 18
6558 0
6557 3
6556 0
6547 28
6546 13
6545 2
6544 2
6551 13
6550 223
6549 4
6548 35
6636 36
6637 531
6638 1
6639 2
6632 3
6633 35
6634 4
6635 5
6628 0
6629 17
6630 48
6631 3
6624 6
6625 333
6626 8
6627 0
6653 1
6652 590
6655 6
6654 5
6649 208
6648 116
6651 35
6650 16
6645 57
6644 19
6647 57
6646 17
6641 3
6640 88
6643 1
6642 1
6606 4
6607 19
6604 2346
6605 5
6602 0
6603 707
6600 0
6601 2
6598 1
6599 0
6596 14
6597 2
6594 40
6595 80
6592 0
6593 8
6623 338
6622 5
6621 7
6620 2
6619 247
6618 25
6617 15
6616 35
6615 196
6614 13
6613 3
6612 2017
6611 85
6610 8
6609 12
6608 48
6433 0
6432 542
6435 5
6434 287
6437 14
6436 33
6439 35
6438 61
6441 12
6440 0
6443 99
6442 2
6445 0
6444 21
6447 28
6446 0
6448 6
6449 8
6450 2
6451 3
6452 51
6453 0
6454 46
6455 1
6456 49
6457 5
6458 4
6459 0
6460 390
6461 0
6462 1
6463 5
6403 2
6402 9
6401 0
6400 9
6407 9
6406 7
6405 1
6404 125
6411 0
6410 23
6409 3
6408 83
6415 1
6414 69
6413 5
6412 0
6418 1
6419 2
6416 5
6417 2
6422 3
6423 95
6420 7
6421 231
6426 253
6427 3
6424 0
6425 17
6430 4
6431 22
6428 3
6429 143
6501 2
6500 3
6503 88
6502 61
6497 29
6496 5
6499 24
6498 7
6509 13
6508 4
6511 3
6510 1
6505 208
6504 9
6507 117
6506 10
6516 0
6517 7
6518 82
6519 1
6512 36
6513 18
6514 17
6515 111
6524 123
6525 58
6526 0
6527 0
6520 41
6521 25
6522 2
6523 0
6471 5
6470 29
6469 1
6468 80
6467 0
6466 130
6465 0
6464 0
6479 0
6478 39
6477 18
6476 4
6475 24
6474 0
6473 13
6472 98
6486 35
6487 55
6484 139
6485 113
6482 184
6483 165
6480 28
6481 4
6494 23
6495 11
6492 426
6493 4
6490 0
6491 1
6488 24
6489 17
6331 0
6330 4
6329 14
6328 124
6335 8
6334 53
6333 5
6332 474
6323 1
6322 171
6321 1
6320 1
6327 13
6326 100
6325 11
6324 9
6314 0
6315 3
6312 12
6313 0
6318 3
6319 0
6316 56
6317 3
6306 8
6307 5
6304 112
6305 7
6310 5
6311 8
6308 7
6309 48
6297 49
6296 2
6299 23
6298 12
6301 0
6300 20
6303 0
6302 0
6289 0
6288 8
6291 89
6290 18
6293 1
6292 3
6295 115
6294 26
6280 21
6281 3
6282 49
6283 6
6284 42
6285 0
6286 3
6287 125
6272 23
6273 0
6274 83
6275 10
6276 120
6277 141
6278 16
6279 8
6399 8
6398 1
6397 10
6396 922
6395 73
6394 164
6393 5
6392 10
6391 0
6390 0
6389 0
6388 0
6387 291
6386 6
6385 3
6384 1
6382 2
6383 42
6380 4
6381 101
6378 28
6379 10
6376 1
6377 3
6374 5
6375 2
6372 85
6373 15
6370 4
6371 2
6368 157
6369 7
6365 0
6364 0
6367 16
6366 79
6361 40
6360 12
6363 54
6362 0
6357 23
6356 1
6359 12
6358 402
6353 38
6352 78
6355 154
6354 102
6348 12
6349 4
6350 2
6351 117
6344 10
6345 14
6346 0
6347 25
6340 3
6341 0
6342 38
6343 70
6336 95
6337 0
6338 7
6339 33
6194 88
6195 1
6192 13
6193 28
6198 357
6199 5
6196 13
6197 0
6202 3
6203 21
6200 219
6201 0
6206 83
6207 3
6204 644
6205 3
6179 54
6178 0
6177 73
6176 466
6183 21
6182 0
6181 89
6180 3
6187 4
6186 17
6185 36
6184 176
6191 398
6190 42
6189 0
6188 0
6160 1
6161 7
6162 2
6163 1
6164 6
6165 56
6166 0
6167 39
6168 35
6169 4
6170 0
6171 25
6172 9
6173 183
6174 82
6175 41
6145 0
6144 8
6147 2
6146 1
6149 21
6148 246
6151 3536
6150 40
6153 401
6152 0
6155 3
6154 21
6157 14
6156 1
6159 50
6158 501
6262 63
6263 29
6260 142
6261 15
6258 26
6259 3
6256 64
6257 35
6270 3
6271 1
6268 2
6269 5
6266 1
6267 0
6264 13
6265 54
6247 40
6246 50
6245 4
6244 45
6243 11
6242 0
6241 0
6240 114
6255 70
6254 7
6253 0
6252 0
6251 82
6250 12
6249 4
6248 11
6228 2
6229 78
6230 22
6231 43
6224 0
6225 1
6226 0
6227 33
6236 354
6237 20
6238 33
6239 2
6232 6
6233 15
6234 12
6235 8
6213 0
6212 103
6215 4
6214 4
6209 51
6208 2
6211 234
6210 5
6221 0
6220 1
6223 8
6222 0
6217 476
6216 2
6219 57
6218 9
7054 0
7055 0
7052 0
7053 0
7050 0
7051 0
7048 0
7049 0
7046 0
7047 0
7044 0
7045 0
7042 0
7043 0
7040 0
7041 0
7071 0
7070 0
7069 0
7068 0
7067 0
7066 0
7065 0
7064 0
7063 0
7062 0
7061 0
7060 0
7059 0
7058 0
7057 0
7056 0
7084 0
7085 0
7086 0
7087 0
7080 0
7081 0
7082 0
7083 0
7076 0
7077 0
7078 0
7079 0
7072 0
7073 0
7074 0
7075 0
7101 0
7100 0
7103 0
7102 0
7097 0
7096 0
7099 0
7098 0
7093 0
7092 0
7095 0
7094 0
7089 0
7088 0
7091 0
7090 0
7114 0
7115 0
7112 0
7113 0
7118 0
7119 0
7116 0
7117 0
7106 0
7107 0
7104 0
7105 0
7110 0
7111 0
7108 0
7109 0
7131 0
7130 0
7129 0
7128 0
7135 0
7134 0
7133 0
7132 0
7123 0
7122 0
7121 0
7120 0
7127 0
7126 0
7125 0
7124 0
7144 0
7145 0
7146 0
7147 0
7148 0
7149 0
7150 0
7151 0
7136 0
7137 0
7138 0
7139 0
7140 0
7141 0
7142 0
7143 0
7161 0
7160 0
7163 0
7162 0
7165 0
7164 0
7167 0
7166 0
7153 0
7152 0
7155 0
7154 0
7157 0
7156 0
7159 0
7158 0
6919 0
6918 0
6917 0
6916 0
6915 0
6914 0
6913 0
6912 0
6927 0
6926 0
6925 0
6924 0
6923 0
6922 0
6921 0
6920 0
6934 0
6935 0
6932 0
6933 0
6930 0
6931 0
6928 0
6929 0
6942 0
6943 0
6940 0
6941 0
6938 0
6939 0
6936 0
6937 0
6949 0
6948 0
6951 0
6950 0
6945 0
6944 0
6947 0
6946 0
6957 0
6956 0
6959 0
6958 0
6953 0
6952 0
6955 0
6954 0
6964 0
6965 0
6966 0
6967 0
6960 0
6961 0
6962 0
6963 0
6972 0
6973 0
6974 0
6975 0
6968 0
6969 0
6970 0
6971 0
6979 0
6978 0
6977 0
6976 0
6983 0
6982 0
6981 0
6980 0
6987 0
6986 0
6985 0
6984 0
6991 0
6990 0
6989 0
6988 0
6994 0
6995 0
6992 0
6993 0
6998 0
6999 0
6996 0
6997 0
7002 0
7003 0
7000 0
7001 0
7006 0
7007 0
7004 0
7005 0
7009 0
7008 0
7011 0
7010 0
7013 0
7012 0
7015 0
7014 0
7017 0
7016 0
7019 0
7018 0
7021 0
7020 0
7023 0
7022 0
7024 0
7025 0
7026 0
7027 0
7028 0
7029 0
7030 0
7031 0
7032 0
7033 0
7034 0
7035 0
7036 0
7037 0
7038 0
7039 0
6813 0
6812 0
6815 0
6814 0
6809 0
6808 0
6811 0
6810 0
6805 0
6804 0
6807 0
6806 0
6801 0
6800 0
6803 0
6802 0
6796 0
6797 0
6798 0
6799 0
6792 0
6793 0
6794 0
6795 0
6788 0
6789 0
6790 0
6791 0
6784 0
6785 0
6786 0
6787 0
6847 0
6846 0
6845 0
6844 0
6843 0
6842 0
6841 0
6840 0
6839 0
6838 0
6837 0
6836 0
6835 0
6834 0
6833 0
6832 0
6830 0
6831 0
6828 0
6829 0
6826 0
6827 0
6824 0
6825 0
6822 0
6823 0
6820 0
6821 0
6818 0
6819 0
6816 0
6817 0
6873 0
6872 0
6875 0
6874 0
6877 0
6876 0
6879 0
6878 0
6865 0
6864 0
6867 0
6866 0
6869 0
6868 0
6871 0
6870 0
6856 0
6857 0
6858 0
6859 0
6860 0
6861 0
6862 0
6863 0
6848 0
6849 0
6850 0
6851 0
6852 0
6853 0
6854 0
6855 0
6907 0
6906 0
6905 0
6904 0
6911 0
6910 0
6909 0
6908 0
6899 0
6898 0
6897 0
6896 0
6903 0
6902 0
6901 0
6900 0
6890 0
6891 0
6888 0
6889 0
6894 0
6895 0
6892 0
6893 0
6882 0
6883 0
6880 0
6881 0
6886 0
6887 0
6884 0
6885 0
6676 8
6677 3092
6678 0
6679 3
6672 0
6673 39
6674 5
6675 29
6684 1
6685 3
6686 3
6687 0
6680 145
6681 31
6682 89
6683 44
6661 1
6660 9
6663 15
6662 98
6657 1
6656 1
6659 268
6658 22
6669 0
6668 5
6671 1
6670 301
6665 3
6664 0
6667 4
6666 0
6710 0
6711 0
6708 0
6709 0
6706 0
6707 0
6704 0
6705 0
6718 0
6719 0
6716 0
6717 0
6714 0
6715 0
6712 0
6713 0
6695 0
6694 0
6693 0
6692 0
6691 0
6690 0
6689 0
6688 0
6703 0
6702 0
6701 0
6700 0
6699 0
6698 0
6697 0
6696 0
6736 0
6737 0
6738 0
6739 0
6740 0
6741 0
6742 0
6743 0
6744 0
6745 0
6746 0
6747 0
6748 0
6749 0
6750 0
6751 0
6721 0
6720 0
6723 0
6722 0
6725 0
6724 0
6727 0
6726 0
6729 0
6728 0
6731 0
6730 0
6733 0
6732 0
6735 0
6734 0
6770 0
6771 0
6768 0
6769 0
6774 0
6775 0
6772 0
6773 0
6778 0
6779 0
6776 0
6777 0
6782 0
6783 0
6780 0
6781 0
6755 0
6754 0
6753 0
6752 0
6759 0
6758 0
6757 0
6756 0
6763 0
6762 0
6761 0
6760 0
6767 0
6766 0
6765 0
6764 0
7652 0
7653 0
7654 0
7655 0
7648 0
7649 0
7650 0
7651 0
7660 0
7661 0
7662 0
7663 0
7656 0
7657 0
7658 0
7659 0
7669 3
7668 211
7671 0
7670 2
7665 0
7664 0
7667 0
7666 0
7677 27
7676 9
7679 4
7678 0
7673 140
7672 298
7675 15
7674 1
7622 0
7623 0
7620 0
7621 0
7618 0
7619 0
7616 0
7617 0
7630 0
7631 0
7628 0
7629 0
7626 0
7627 0
7624 0
7625 0
7639 0
7638 0
7637 0
7636 0
7635 0
7634 0
7633 0
7632 0
7647 0
7646 0
7645 0
7644 0
7643 0
7642 0
7641 0
7640 0
7584 0
7585 0
7586 0
7587 0
7588 0
7589 0
7590 0
7591 0
7592 0
7593 0
7594 0
7595 0
7596 0
7597 0
7598 0
7599 0
7601 0
7600 0
7603 0
7602 0
7605 0
7604 0
7607 0
7606 0
7609 0
7608 0
7611 0
7610 0
7613 0
7612 0
7615 0
7614 0
7554 0
7555 0
7552 0
7553 0
7558 0
7559 0
7556 0
7557 0
7562 0
7563 0
7560 0
7561 0
7566 0
7567 0
7564 0
7565 0
7571 0
7570 0
7569 0
7568 0
7575 0
7574 0
7573 0
7572 0
7579 0
7578 0
7577 0
7576 0
7583 0
7582 0
7581 0
7580 0
7533 0
7532 0
7535 0
7534 0
7529 0
7528 0
7531 0
7530 0
7525 0
7524 0
7527 0
7526 0
7521 0
7520 0
7523 0
7522 0
7548 0
7549 0
7550 0
7551 0
7544 0
7545 0
7546 0
7547 0
7540 0
7541 0
7542 0
7543 0
7536 0
7537 0
7538 0
7539 0
7503 0
7502 0
7501 0
7500 0
7499 0
7498 0
7497 0
7496 0
7495 2
7494 0
7493 0
7492 0
7491 0
7490 0
7489 0
7488 0
7518 0
7519 0
7516 0
7517 0
7514 0
7515 0
7512 0
7513 0
7510 0
7511 0
7508 0
7509 0
7506 0
7507 0
7504 0
7505 0
7465 0
7464 0
7467 0
7466 0
7469 0
7468 0
7471 0
7470 0
7457 0
7456 0
7459 0
7458 0
7461 0
7460 0
7463 0
7462 0
7480 0
7481 0
7482 0
7483 0
7484 0
7485 0
7486 0
7487 0
7472 0
7473 0
7474 0
7475 0
7476 0
7477 0
7478 0
7479 0
7435 0
7434 0
7433 0
7432 0
7439 0
7438 0
7437 0
7436 0
7427 0
7426 0
7425 0
7424 0
7431 0
7430 0
7429 0
7428 0
7450 0
7451 0
7448 0
7449 0
7454 0
7455 0
7452 0
7453 0
7442 0
7443 0
7440 0
7441 0
7446 0
7447 0
7444 0
7445 0
7415 0
7414 0
7413 0
7412 0
7411 0
7410 0
7409 0
7408 0
7423 0
7422 0
7421 0
7420 0
7419 0
7418 0
7417 0
7416 0
7398 0
7399 0
7396 0
7397 0
7394 0
7395 0
7392 0
7393 0
7406 0
7407 0
7404 0
7405 0
7402 0
7403 0
7400 0
7401 0
7381 0
7380 0
7383 0
7382 0
7377 0
7376 0
7379 0
7378 0
7389 0
7388 0
7391 0
7390 0
7385 0
7384 0
7387 0
7386 0
7364 0
7365 0
7366 0
7367 0
7360 0
7361 0
7362 0
7363 0
7372 0
7373 0
7374 0
7375 0
7368 0
7369 0
7370 0
7371 0
7347 0
7346 0
7345 0
7344 0
7351 0
7350 0
7349 0
7348 0
7355 0
7354 0
7353 0
7352 0
7359 0
7358 0
7357 0
7356 0
7330 0
7331 0
7328 0
7329 0
7334 0
7335 0
7332 0
7333 0
7338 0
7339 0
7336 0
7337 0
7342 0
7343 0
7340 0
7341 0
7313 0
7312 0
7315 0
7314 0
7317 0
7316 0
7319 0
7318 0
7321 0
7320 0
7323 0
7322 0
7325 0
7324 0
7327 0
7326 0
7296 0
7297 0
7298 0
7299 0
7300 0
7301 0
7302 0
7303 0
7304 0
7305 0
7306 0
7307 0
7308 0
7309 0
7310 0
7311 0
7294 0
7295 0
7292 0
7293 0
7290 0
7291 0
7288 0
7289 0
7286 0
7287 0
7284 0
7285 0
7282 0
7283 0
7280 0
7281 0
7279 0
7278 0
7277 0
7276 0
7275 0
7274 0
7273 0
7272 0
7271 0
7270 0
7269 0
7268 0
7267 0
7266 0
7265 0
7264 0
7260 0
7261 0
7262 0
7263 0
7256 0
7257 0
7258 0
7259 0
7252 0
7253 0
7254 0
7255 0
7248 0
7249 0
7250 0
7251 0
7245 0
7244 0
7247 0
7246 0
7241 0
7240 0
7243 0
7242 0
7237 0
7236 0
7239 0
7238 0
7233 0
7232 0
7235 0
7234 0
7226 0
7227 0
7224 0
7225 0
7230 0
7231 0
7228 0
7229 0
7218 0
7219 0
7216 0
7217 0
7222 0
7223 0
7220 0
7221 0
7211 0
7210 0
7209 0
7208 0
7215 0
7214 0
7213 0
7212 0
7203 0
7202 0
7201 0
7200 0
7207 0
7206 0
7205 0
7204 0
7192 0
7193 0
7194 0
7195 0
7196 0
7197 0
7198 0
7199 0
7184 0
7185 0
7186 0
7187 0
7188 0
7189 0
7190 0
7191 0
7177 0
7176 0
7179 0
7178 0
7181 0
7180 0
7183 0
7182 0
7169 0
7168 0
7171 0
7170 0
7173 0
7172 0
7175 0
7174 0
8130 165
8131 3
8128 454
8129 77
8134 150
8135 0
8132 110
8133 0
8138 46
8139 404
8136 0
8137 0
8142 101
8143 0
8140 5
8141 1
8147 21
8146 108
8145 56
8144 6
8151 39
8150 166
8149 101
8148 0
8155 1
8154 0
8153 4
8152 83
8159 2
8158 3
8157 35
8156 90
8160 123
8161 9
8162 0
8163 0
8164 520
8165 0
8166 3
8167 0
8168 228
8169 4
8170 5
8171 151
8172 123
8173 23
8174 45
8175 0
8177 2
8176 87
8179 398
8178 7
8181 2
8180 10
8183 0
8182 1
8185 7
8184 560
8187 23
8186 14
8189 1
8188 14
8191 0
8190 26
8070 0
8071 15
8068 0
8069 15
8066 1
8067 4
8064 0
8065 20
8078 15
8079 64
8076 82
8077 118
8074 1
8075 9
8072 12
8073 2
8087 433
8086 95
8085 1
8084 2
8083 196
8082 1
8081 522
8080 87
8095 0
8094 16
8093 2
8092 5
8091 0
8090 0
8089 65
8088 3
8100 3
8101 198
8102 0
8103 0
8096 4
8097 10
8098 5
8099 2
8108 0
8109 0
8110 6
8111 1
8104 15
8105 25
8106 1
8107 1
8117 3
8116 2
8119 35
8118 118
8113 7
8112 5
8115 2
8114 30
8125 2
8124 2
8127 192
8126 55
8121 6
8120 1005
8123 6
8122 226
8011 9
8010 459
8009 0
8008 4
8015 48
8014 0
8013 21
8012 83
8003 4
8002 1570
8001 94
8000 9
8007 4
8006 7
8005 6
8004 28
8026 12
8027 109
8024 0
8025 0
8030 19
8031 1
8028 1
8029 1
8018 12
8019 84
8016 8
8017 1
8022 28
8023 0
8020 2
8021 9
8041 0
8040 38
8043 0
8042 23
8045 14
8044 50
8047 54
8046 410
8033 2
8032 99
8035 8
8034 248
8037 0
8036 1
8039 6
8038 23
8056 9
8057 2
8058 15
8059 4
8060 71
8061 17
8062 170
8063 40
8048 12
8049 0
8050 1
8051 195
8052 75
8053 9
8054 272
8055 16
7951 113
7950 18
7949 3
7948 246
7947 230
7946 0
7945 1
7944 0
7943 4
7942 69
7941 683
7940 44
7939 178
7938 13
7937 40
7936 30
7966 15
7967 0
7964 2
7965 5
7962 12
7963 0
7960 0
7961 77
7958 8
7959 37
7956 26
7957 3
7954 48
7955 77
7952 10
7953 249
7981 1
7980 2
7983 84
7982 48
7977 4
7976 102
7979 0
7978 2
7973 30
7972 1
7975 129
7974 7
7969 20
7968 0
7971 4
7970 0
7996 67
7997 14
7998 8
7999 2
7992 9
7993 5
7994 18
7995 99
7988 19
7989 57
7990 212
7991 195
7984 0
7985 9
7986 0
7987 55
7889 538
7888 6
7891 90
7890 47
7893 0
7892 9
7895 11
7894 136
7897 16
7896 0
7899 67
7898 18
7901 96
7900 9
7903 0
7902 90
7872 10
7873 8
7874 1
7875 4
7876 41
7877 26
7878 20
7879 0
7880 0
7881 17
7882 61
7883 0
7884 17
7885 1
7886 16
7887 16
7923 7
7922 71
7921 0
7920 4
7927 0
7926 8
7925 54
7924 5
7931 7
7930 32
7929 5
7928 0
7935 2
7934 24
7933 10
7932 10
7906 1
7907 37
7904 5
7905 0
7910 47
7911 1
7908 15
7909 3
7914 6
7915 0
7912 40
7913 1
7918 0
7919 9
7916 10
7917 35
7829 5
7828 30
7831 1
7830 2
7825 2
7824 7
7827 3
7826 0
7837 243
7836 1
7839 5
7838 12
7833 70
7832 31
7835 1
7834 51
7812 0
7813 225
7814 0
7815 2
7808 1
7809 3
7810 8
7811 8
7820 3
7821 12
7822 316
7823 263
7816 132
7817 5
7818 57
7819 5
7863 17
7862 0
7861 299
7860 8
7859 102
7858 0
7857 138
7856 38
7871 1
7870 13
7869 3
7868 1
7867 108
7866 93
7865 2
7864 0
7846 2
7847 0
7844 5
7845 2
7842 0
7843 0
7840 27
7841 1
7854 13
7855 12
7852 2
7853 2
7850 3
7851 15
7848 0
7849 1
7768 20
7769 62
7770 692
7771 63
7772 2
7773 30
7774 0
7775 169
7760 226
7761 124
7762 205
7763 9
7764 3
7765 11
7766 1
7767 25
7753 63
7752 9
7755 29
7754 69
7757 5
7756 9
7759 504
7758 80
7745 8
7744 1
7747 51
7746 1
7749 1
7748 4
7751 2
7750 0
7802 12
7803 3
7800 3
7801 10
7806 69
7807 8
7804 0
7805 2
7794 8
7795 0
7792 3
7793 3
7798 0
7799 0
7796 460
7797 400
7787 4
7786 6
7785 1
7784 14
7791 305
7790 62
7789 114
7788 0
7779 4
7778 30
7777 24
7776 33
7783 140
7782 3
7781 179
7780 9
7708 0
7709 11
7710 532
7711 7
7704 11
7705 349
7706 0
7707 32
7700 13
7701 724
7702 4
7703 70
7696 0
7697 0
7698 0
7699 60
7693 61
7692 1
7695 7
7694 455
7689 5
7688 3
7691 37
7690 13
7685 160
7684 3
7687 0
7686 1
7681 2
7680 8
7683 3
7682 9
7742 51
7743 17
7740 43
7741 0
7738 2
7739 43
7736 14
7737 65
7734 0
7735 14
7732 184
7733 1
7730 70
7731 15
7728 7
7729 2
7727 10
7726 26
7725 0
7724 35
7723 96
7722 54
7721 6
7720 306
7719 14
7718 30
7717 61
7716 4
7715 70
7714 190
7713 106
7712 17
8800 428
8801 27
8802 7
8803 2
8804 4
8805 4
8806 19
8807 1
8808 2
8809 0
8810 0
8811 39
8812 13
8813 62
8814 13
8815 6
8817 38
8816 182
8819 2
8818 395
8821 3
8820 0
8823 0
8822 2
8825 0
8824 0
8827 0
8826 0
8829 0
8828 0
8831 0
8830 0
8770 0
8771 0
8768 0
8769 0
8774 0
8775 0
8772 0
8773 0
8778 3
8779 7
8776 0
8777 5
8782 39
8783 31
8780 270
8781 6
8787 58
8786 40
8785 0
8784 1294
8791 1
8790 0
8789 105
8788 3
8795 1
8794 3
8793 5
8792 114
8799 395
8798 14
8797 18
8796 20
8740 1
8741 0
8742 1
8743 3
8736 0
8737 0
8738 13
8739 0
8748 85
8749 5
8750 16
8751 0
8744 4
8745 3
8746 0
8747 2
8757 0
8756 0
8759 0
8758 0
8753 0
8752 0
8755 0
8754 0
8765 0
8764 0
8767 0
8766 0
8761 0
8760 0
8763 0
8762 0
8710 0
8711 45
8708 69
8709 73
8706 1
8707 0
8704 40
8705 248
8718 7
8719 12
8716 1
8717 41
8714 0
8715 2
8712 0
8713 58
8727 108
8726 318
8725 6
8724 91
8723 5
8722 106
8721 186
8720 64
8735 271
8734 28
8733 13
8732 101
8731 73
8730 22
8729 7
8728 25
8937 0
8936 0
8939 0
8938 0
8941 0
8940 0
8943 0
8942 0
8929 0
8928 0
8931 0
8930 0
8933 0
8932 0
8935 0
8934 0
8952 0
8953 0
8954 0
8955 0
8956 0
8957 0
8958 0
8959 0
8944 0
8945 0
8946 0
8947 0
8948 0
8949 0
8950 0
8951 0
8907 0
8906 0
8905 0
8904 0
8911 0
8910 0
8909 0
8908 0
8899 0
8898 0
8897 0
8896 0
8903 0
8902 0
8901 0
8900 0
8922 0
8923 0
8920 0
8921 0
8926 0
8927 0
8924 0
8925 0
8914 0
8915 0
8912 0
8913 0
8918 0
8919 0
8916 0
8917 0
8877 0
8876 0
8879 0
8878 0
8873 0
8872 0
8875 0
8874 0
8869 0
8868 0
8871 0
8870 0
8865 0
8864 0
8867 0
8866 0
8892 0
8893 0
8894 0
8895 0
8888 0
8889 0
8890 0
8891 0
8884 0
8885 0
8886 0
8887 0
8880 0
8881 0
8882 0
8883 0
8847 0
8846 0
8845 0
8844 0
8843 0
8842 0
8841 0
8840 0
8839 0
8838 0
8837 0
8836 0
8835 0
8834 0
8833 0
8832 0
8862 0
8863 0
8860 0
8861 0
8858 0
8859 0
8856 0
8857 0
8854 0
8855 0
8852 0
8853 0
8850 0
8851 0
8848 0
8849 0
9075 10
9074 0
9073 21
9072 12
9079 64
9078 108
9077 0
9076 13
9083 291
9082 34
9081 13
9080 5
9087 139
9086 1
9085 2
9084 1
9058 10
9059 0
9056 1
9057 186
9062 58
9063 30
9060 81
9061 88
9066 61
9067 9
9064 59
9065 6
9070 4
9071 1
9068 0
9069 2
9041 1
9040 17
9043 58
9042 176
9045 9
9044 115
9047 3
9046 18
9049 34
9048 5
9051 3
9050 1
9053 61
9052 103
9055 3
9054 4
9024 2
9025 0
9026 242
9027 6
9028 2
9029 190
9030 678
9031 12
9032 15
9033 3
9034 259
9035 4
9036 2
9037 4
9038 2
9039 11
9015 0
9014 8
9013 0
9012 0
9011 4
9010 80
9009 0
9008 24
9023 22
9022 0
9021 4
9020 39
9019 6
9018 67
9017 4
9016 5
8998 0
8999 0
8996 12
8997 2
8994 2
8995 1
8992 6
8993 30
9006 17
9007 19
9004 8
9005 50
9002 12
9003 0
9000 63
9001 66
8981 24
8980 201
8983 179
8982 4
8977 7
8976 0
8979 61
8978 8
8989 5
8988 45
8991 90
8990 1
8985 10
8984 0
8987 8
8986 0
8964 0
8965 0
8966 0
8967 0
8960 0
8961 0
8962 0
8963 0
8972 0
8973 0
8974 0
8975 160
8968 0
8969 0
8970 0
8971 0
9210 17
9211 31
9208 0
9209 0
9214 9
9215 149
9212 26
9213 2
9202 134
9203 47
9200 13
9201 56
9206 24
9207 19
9204 80
9205 11
9195 12
9194 1
9193 4
9192 43
9199 3
9198 0
9197 10
9196 669
9187 27
9186 3
9185 2
9184 1
9191 77
9190 19
9189 13
9188 29
9176 231
9177 0
9178 4
9179 6
9180 30
9181 49
9182 8
9183 60
9168 10
9169 6
9170 0
9171 3
9172 1
9173 21
9174 1
9175 9
9161 17
9160 1
9163 5
9162 1
9165 4
9164 1
9167 1
9166 361
9153 23
9152 0
9155 34
9154 15
9157 29
9156 13
9159 12
9158 8
9150 0
9151 114
9148 20
9149 209
9146 0
9147 4
9144 23
9145 3
9142 52
9143 50
9140 3
9141 2
9138 18
9139 20
9136 1
9137 0
9135 456
9134 12
9133 55
9132 14
9131 181
9130 12
9129 1
9128 33
9127 5
9126 0
9125 0
9124 79
9123 226
9122 48
9121 1
9120 83
9116 7
9117 0
9118 8
9119 18
9112 10
9113 1
9114 57
9115 57
9108 7
9109 6
9110 11
9111 4
9104 0
9105 10
9106 249
9107 117
9101 3
9100 16
9103 10
9102 194
9097 10
9096 23
9099 60
9098 11
9093 12
9092 3
9095 122
9094 5
9089 1
9088 5
9091 22
9090 0
8262 86
8263 248
8260 14
8261 4
8258 0
8259 0
8256 4
8257 1
8270 5
8271 0
8268 802
8269 345
8266 0
8267 142
8264 1
8265 46
8279 62
8278 32
8277 10
8276 71
8275 1
8274 10
8273 9
8272 2
8287 2
8286 18
8285 0
8284 144
8283 212
8282 40
8281 0
8280 20
8292 158
8293 6
8294 32
8295 2
8288 0
8289 8
8290 680
8291 3
8300 53
8301 4
8302 104
8303 4
8296 15
8297 3
8298 16
8299 0
8309 9
8308 5
8311 2
8310 11
8305 204
8304 0
8307 3
8306 91
8317 2
8316 34
8319 245
8318 2
8313 297
8312 18
8315 0
8314 0
8194 2
8195 18
8192 71
8193 56
8198 161
8199 8
8196 7
8197 2
8202 8
8203 51
8200 0
8201 1
8206 2
8207 10
8204 0
8205 255
8211 25
8210 131
8209 42
8208 78
8215 0
8214 1
8213 1
8212 40
8219 0
8218 2
8217 30
8216 4
8223 19
8222 259
8221 48
8220 229
8224 33
8225 253
8226 64
8227 144
8228 592
8229 46
8230 38
8231 1
8232 0
8233 0
8234 33
8235 13
8236 1
8237 43
8238 36
8239 353
8241 0
8240 116
8243 214
8242 3
8245 7
8244 431
8247 1
8246 144
8249 9
8248 54
8251 13
8250 20
8253 7
8252 2
8255 5
8254 30
8399 1
8398 325
8397 58
8396 0
8395 142
8394 4
8393 3
8392 413
8391 81
8390 22
8389 159
8388 2
8387 8
8386 116
8385 60
8384 24
8414 0
8415 0
8412 46
8413 39
8410 100
8411 1
8408 5
8409 9
8406 36
8407 19
8404 17
8405 7
8402 6
8403 191
8400 38
8401 193
8429 0
8428 5
8431 2
8430 2
8425 42
8424 10
8427 17
8426 0
8421 53
8420 67
8423 41
8422 1
8417 0
8416 137
8419 14
8418 2
8444 14
8445 59
8446 53
8447 29
8440 1
8441 8
8442 35
8443 5
8436 2
8437 120
8438 14
8439 15
8432 4
8433 3
8434 73
8435 29
8331 4
8330 241
8329 125
8328 4
8335 1050
8334 94
8333 3
8332 3
8323 13
8322 516
8321 3
8320 1
8327 0
8326 0
8325 8
8324 4
8346 50
8347 0
8344 44
8345 24
8350 93
8351 11
8348 16
8349 19
8338 57
8339 117
8336 15
8337 23
8342 94
8343 0
8340 1
8341 5
8361 6
8360 1
8363 11
8362 20
8365 65
8364 3
8367 25
8366 2
8353 1
8352 113
8355 24
8354 97
8357 10
8356 213
8359 43
8358 2
8376 0
8377 4
8378 48
8379 21
8380 21
8381 5
8382 531
8383 0
8368 0
8369 247
8370 24
8371 0
8372 215
8373 1
8374 4
8375 0
8533 196
8532 21
8535 3
8534 46
8529 1
8528 176
8531 138
8530 2
8541 0
8540 0
8543 18
8542 679
8537 2
8536 33
8539 8
8538 0
8516 0
8517 1
8518 44
8519 6
8512 0
8513 3
8514 0
8515 1
8524 11
8525 9
8526 1
8527 10
8520 34
8521 24
8522 0
8523 7
8567 178
8566 10
8565 0
8564 3
8563 2
8562 0
8561 100
8560 0
8575 13
8574 10
8573 157
8572 9
8571 1
8570 0
8569 69
8568 0
8550 305
8551 7
8548 0
8549 28
8546 5
8547 3
8544 13
8545 2
8558 10
8559 1
8556 10
8557 30
8554 0
8555 422
8552 2
8553 2
8465 136
8464 99
8467 3
8466 0
8469 134
8468 88
8471 240
8470 741
8473 6
8472 5
8475 8
8474 223
8477 1
8476 50
8479 0
8478 29
8448 5
8449 0
8450 814
8451 14
8452 285
8453 2
8454 53
8455 97
8456 47
8457 153
8458 38
8459 13
8460 3
8461 5
8462 97
8463 536
8499 22
8498 16
8497 0
8496 347
8503 12
8502 2
8501 5
8500 4
8507 113
8506 59
8505 1
8504 18
8511 77
8510 4
8509 507
8508 34
8482 5
8483 5
8480 0
8481 0
8486 0
8487 0
8484 0
8485 0
8490 0
8491 12
8488 83
8489 0
8494 203
8495 11
8492 0
8493 0
8668 35
8669 26
8670 7
8671 4
8664 4
8665 24
8666 218
8667 5
8660 36
8661 438
8662 0
8663 76
8656 5
8657 32
8658 0
8659 3
8653 24
8652 20
8655 3
8654 202
8649 101
8648 3
8651 33
8650 1
8645 48
8644 7
8647 5
8646 51
8641 1
8640 592
8643 0
8642 1
8702 7
8703 766
8700 13
8701 1
8698 37
8699 70
8696 1
8697 5
8694 0
8695 15
8692 1
8693 22
8690 17
8691 0
8688 1
8689 102
8687 560
8686 116
8685 84
8684 4
8683 3
8682 4
8681 149
8680 12
8679 0
8678 13
8677 37
8676 243
8675 2
8674 0
8673 0
8672 44
8600 21
8601 1
8602 39
8603 3
8604 2
8605 47
8606 7
8607 4
8592 0
8593 184
8594 5
8595 3
8596 8
8597 34
8598 164
8599 44
8585 0
8584 3
8587 1
8586 49
8589 1
8588 7
8591 135
8590 3
8577 196
8576 59
8579 0
8578 1
8581 2
8580 238
8583 82
8582 202
8634 0
8635 0
8632 4
8633 50
8638 51
8639 0
8636 2
8637 0
8626 270
8627 2
8624 8
8625 13
8630 20
8631 0
8628 6
8629 3
8619 4
8618 7
8617 6
8616 51
8623 2
8622 34
8621 68
8620 6
8611 57
8610 18
8609 1
8608 1
8615 50
8614 1
8613 3
8612 10
9772 3
9773 73
9774 92
9775 143
9768 130
9769 9
9770 5
9771 97
9764 86
9765 139
9766 98
9767 255
9760 127
9761 271
9762 0
9763 365
9789 2
9788 5
9791 22
9790 11
9785 0
9784 102
9787 27
9786 0
9781 0
9780 0
9783 0
9782 0
9777 2
9776 9
9779 2
9778 28
9742 1
9743 0
9740 0
9741 0
9738 103
9739 4
9736 14
9737 0
9734 12
9735 523
9732 38
9733 1
9730 43
9731 57
9728 19
9729 7
9759 70
9758 125
9757 3
9756 13
9755 3
9754 100
9753 100
9752 14
9751 8
9750 0
9749 1
9748 0
9747 1
9746 2
9745 0
9744 101
9832 2
9833 223
9834 50
9835 3
9836 25
9837 56
9838 0
9839 6
9824 7
9825 3255
9826 17
9827 19
9828 1
9829 6
9830 9
9831 3
9849 0
9848 2
9851 0
9850 0
9853 0
9852 0
9855 0
9854 0
9841 2751
9840 0
9843 0
9842 6
9845 0
9844 0
9847 0
9846 0
9802 6
9803 4
9800 4
9801 72
9806 11
9807 6
9804 1
9805 3
9794 1
9795 1
9792 0
9793 0
9798 1
9799 1
9796 10
9797 1
9819 12
9818 11
9817 349
9816 26
9823 5
9822 7
9821 0
9820 362
9811 0
9810 19
9809 102
9808 7
9815 23
9814 13
9813 0
9812 5
9893 0
9892 0
9895 0
9894 0
9889 0
9888 0
9891 0
9890 0
9901 0
9900 0
9903 0
9902 0
9897 0
9896 0
9899 0
9898 0
9908 0
9909 4
9910 0
9911 0
9904 0
9905 0
9906 0
9907 0
9916 0
9917 0
9918 0
9919 0
9912 0
9913 0
9914 0
9915 0
9863 2
9862 0
9861 0
9860 0
9859 0
9858 0
9857 0
9856 4
9871 0
9870 0
9869 0
9868 0
9867 6
9866 0
9865 0
9864 0
9878 0
9879 0
9876 0
9877 0
9874 0
9875 0
9872 0
9873 0
9886 0
9887 0
9884 0
9885 0
9882 0
9883 0
9880 0
9881 0
9953 0
9952 0
9955 0
9954 0
9957 0
9956 0
9959 0
9958 0
9961 0
9960 0
9963 2
9962 0
9965 0
9964 0
9967 0
9966 0
9968 0
9969 0
9970 0
9971 0
9972 0
9973 0
9974 0
9975 0
9976 0
9977 0
9978 0
9979 0
9980 0
9981 0
9982 0
9983 0
9923 0
9922 0
9921 0
9920 0
9927 0
9926 0
9925 0
9924 0
9931 0
9930 0
9929 0
9928 0
9935 0
9934 0
9933 0
9932 0
9938 0
9939 0
9936 0
9937 0
9942 0
9943 0
9940 0
9941 0
9946 0
9947 0
9944 0
9945 0
9950 0
9951 0
9948 0
9949 0
10047 0
10046 0
10045 0
10044 0
10043 0
10042 0
10041 0
10040 0
10039 0
10038 0
10037 0
10036 0
10035 0
10034 0
10033 0
10032 0
10030 0
10031 0
10028 0
10029 0
10026 0
10027 0
10024 0
10025 0
10022 0
10023 0
10020 0
10021 0
10018 0
10019 0
10016 0
10017 0
10013 0
10012 0
10015 0
10014 0
10009 0
10008 0
10011 0
10010 0
10005 0
10004 0
10007 0
10006 0
10001 0
10000 0
10003 0
10002 0
9996 0
9997 0
9998 0
9999 0
9992 0
9993 0
9994 0
9995 0
9988 0
9989 0
9990 0
9991 0
9984 0
9985 0
9986 0
9987 0
10107 7
10106 0
10105 1
10104 0
10111 3
10110 8
10109 15
10108 8
10099 0
10098 0
10097 0
10096 0
10103 0
10102 0
10101 0
10100 0
10090 0
10091 0
10088 0
10089 0
10094 0
10095 0
10092 0
10093 0
10082 0
10083 0
10080 0
10081 0
10086 0
10087 0
10084 0
10085 0
10073 0
10072 0
10075 0
10074 0
10077 0
10076 0
10079 0
10078 0
10065 0
10064 0
10067 0
10066 0
10069 0
10068 0
10071 0
10070 0
10056 0
10057 0
10058 0
10059 0
10060 0
10061 0
10062 0
10063 0
10048 0
10049 0
10050 0
10051 0
10052 0
10053 0
10054 0
10055 0
10166 291
10167 10
10164 6
10165 417
10162 9
10163 3
10160 15
10161 276
10174 21
10175 0
10172 8
10173 9
10170 3
10171 5
10168 88
10169 9
10151 3
10150 7
10149 2
10148 171
10147 3
10146 29
10145 0
10144 7
10159 4
10158 14
10157 10
10156 2
10155 3
10154 43
10153 3
10152 14
10132 14
10133 0
10134 0
10135 176
10128 0
10129 30
10130 44
10131 149
10140 53
10141 21
10142 15
10143 102
10136 0
10137 1100
10138 5
10139 159
10117 18
10116 0
10119 716
10118 6
10113 29
10112 12
10115 339
10114 9
10125 1
10124 2
10127 4
10126 2
10121 0
10120 1
10123 0
10122 0
10226 16
10227 0
10224 9
10225 4
10230 33
10231 8
10228 15
10229 9
10234 1
10235 16
10232 12
10233 11
10238 4
10239 5
10236 5
10237 0
10211 2
10210 2
10209 9
10208 45
10215 0
10214 69
10213 7
10212 62
10219 85
10218 6
10217 11
10216 31
10223 35
10222 21
10221 51
10220 15
10192 118
10193 37
10194 8
10195 0
10196 94
10197 5
10198 100
10199 1
10200 0
10201 133
10202 420
10203 2
10204 7
10205 9
10206 39
10207 89
10177 1
10176 0
10179 15
10178 1
10181 1
10180 95
10183 28
10182 19
10185 12
10184 30
10187 2961
10186 1558
10189 0
10188 2
10191 6
10190 0
9226 0
9227 3
9224 14
9225 2
9230 10
9231 35
9228 23
9229 0
9218 70
9219 0
9216 167
9217 0
9222 31
9223 139
9220 290
9221 6
9243 4
9242 5
9241 7
9240 185
9247 1
9246 757
9245 9
9244 4
9235 16
9234 9
9233 329
9232 82
9239 1
9238 7
9237 40
9236 3
9256 4
9257 3
9258 1
9259 619
9260 118
9261 67
9262 232
9263 3
9248 702
9249 8
9250 0
9251 72
9252 40
9253 28
9254 71
9255 0
9273 0
9272 95
9275 10
9274 7
9277 22
9276 30
9279 9
9278 104
9265 21
9264 26
9267 1
9266 118
9269 137
9268 19
9271 14
9270 217
9294 2
9295 37
9292 174
9293 72
9290 8
9291 115
9288 17
9289 181
9286 126
9287 24
9284 149
9285 41
9282 0
9283 11
9280 17
9281 22
9311 0
9310 8
9309 25
9308 10
9307 6
9306 276
9305 61
9304 6
9303 2
9302 202
9301 47
9300 46
9299 59
9298 133
9297 2
9296 0
9324 397
9325 7
9326 1
9327 1
9320 14
9321 676
9322 0
9323 129
9316 189
9317 37
9318 25
9319 32
9312 4
9313 1
9314 16
9315 0
9341 0
9340 1
9343 79
9342 9
9337 10
9336 4
9339 3
9338 79
9333 58
9332 2
9335 7
9334 99
9329 0
9328 2
9331 0
9330 4
9347 0
9346 16
9345 32
9344 0
9351 86
9350 0
9349 35
9348 3
9355 0
9354 10
9353 4
9352 231
9359 13
9358 1
9357 1
9356 0
9362 4
9363 0
9360 7
9361 111
9366 21
9367 1
9364 8
9365 394
9370 0
9371 12
9368 1
9369 61
9374 1
9375 0
9372 8
9373 111
9377 2
9376 2
9379 161
9378 12
9381 7
9380 21
9383 7
9382 125
9385 13
9384 16
9387 100
9386 158
9389 5
9388 18
9391 6
9390 31
9392 73
9393 77
9394 22
9395 137
9396 11
9397 15
9398 30
9399 7
9400 88
9401 11
9402 1
9403 16
9404 0
9405 4
9406 7
9407 176
9415 0
9414 423
9413 45
9412 7
9411 3
9410 26
9409 262
9408 142
9423 2
9422 59
9421 407
9420 8
9419 2
9418 1
9417 0
9416 36
9430 33
9431 107
9428 2
9429 1
9426 3
9427 12
9424 18
9425 0
9438 8
9439 29
9436 42
9437 214
9434 11
9435 450
9432 2
9433 88
9445 1
9444 190
9447 32
9446 14
9441 2
9440 785
9443 3
9442 3
9453 1
9452 1
9455 0
9454 871
9449 0
9448 80
9451 0
9450 25
9460 8
9461 34
9462 247
9463 313
9456 4
9457 384
9458 7
9459 156
9468 6
9469 0
9470 0
9471 0
9464 6
9465 6
9466 1
9467 0
9497 4
9496 2
9499 1
9498 85
9501 437
9500 0
9503 0
9502 1
9489 72
9488 0
9491 44
9490 91
9493 3
9492 284
9495 23
9494 21
9480 324
9481 272
9482 80
9483 0
9484 464
9485 1
9486 0
9487 0
9472 1
9473 0
9474 3
9475 0
9476 0
9477 0
9478 5
9479 0
9531 78
9530 430
9529 423
9528 139
9535 526
9534 5
9533 0
9532 58
9523 1664
9522 3
9521 530
9520 20
9527 34
9526 2
9525 2480
9524 531
9514 18
9515 4
9512 10
9513 15
9518 329
9519 81
9516 12
9517 160
9506 2
9507 0
9504 5
9505 8
9510 5
9511 2
9508 0
9509 36
9565 2
9564 1
9567 1
9566 30
9561 3
9560 6
9563 9
9562 0
9557 36
9556 2
9559 8
9558 3
9553 84
9552 40
9555 52
9554 10
9548 74
9549 8
9550 42
9551 307
9544 94
9545 153
9546 3
9547 5
9540 32
9541 14
9542 83
9543 205
9536 37
9537 26
9538 3
9539 87
9599 4
9598 0
9597 0
9596 1
9595 139
9594 291
9593 7
9592 4
9591 0
9590 0
9589 0
9588 0
9587 0
9586 34
9585 1
9584 15
9582 10
9583 48
9580 2
9581 16
9578 101
9579 227
9576 33
9577 6
9574 15
9575 104
9572 10
9573 8
9570 18
9571 0
9568 1
9569 5
9616 2
9617 34
9618 56
9619 132
9620 0
9621 112
9622 3
9623 4
9624 6
9625 23
9626 85
9627 14
9628 156
9629 38
9630 108
9631 9
9601 0
9600 0
9603 84
9602 0
9605 2
9604 29
9607 60
9606 7
9609 4
9608 67
9611 279
9610 102
9613 9
9612 123
9615 63
9614 247
9650 152
9651 0
9648 65
9649 5
9654 66
9655 8
9652 6
9653 0
9658 0
9659 1
9656 6
9657 1
9662 18
9663 956
9660 29
9661 14
9635 6
9634 325
9633 348
9632 1
9639 1
9638 0
9637 2
9636 0
9643 23
9642 6
9641 9
9640 0
9647 0
9646 8
9645 7
9644 0
9684 5
9685 48
9686 37
9687 0
9680 406
9681 7
9682 66
9683 41
9692 11
9693 49
9694 40
9695 1
9688 38
9689 5
9690 1
9691 39
9669 86
9668 1
9671 3
9670 7
9665 0
9664 3
9667 0
9666 74
9677 8
9676 56
9679 10
9678 38
9673 73
9672 0
9675 64
9674 192
9718 11
9719 1
9716 0
9717 2
9714 3
9715 100
9712 1007
9713 7
9726 1
9727 0
9724 196
9725 2
9722 12
9723 123
9720 1
9721 0
9703 128
9702 41
9701 21
9700 122
9699 38
9698 0
9697 10
9696 2
9711 39
9710 3
9709 0
9708 301
9707 172
9706 366
9705 0
9704 6
10259 26
10258 10
10257 0
10256 243
10263 0
10262 13
10261 51
10260 0
10242 21
10243 16
10240 2872
10241 0
10246 137
10247 43
10244 149
10245 73
10250 4
10251 2
10248 0
10249 14
10254 74
10255 2
10252 0
10253 556
